tile_scp,160,352,32,64,32,32,0,1,1,4294967295
tile_scp,192,352,32,64,32,32,0,1,1,4294967295
tile_scp,224,352,32,64,32,32,0,1,1,4294967295
tile_scp,256,352,32,64,32,32,0,1,1,4294967295
tile_scp,288,352,32,64,32,32,0,1,1,4294967295
tile_scp,320,352,32,64,32,32,0,1,1,4294967295
tile_scp,352,352,32,64,32,32,0,1,1,4294967295
tile_scp,384,352,32,64,32,32,0,1,1,4294967295
tile_scp,416,352,32,64,32,32,0,1,1,4294967295
tile_scp,448,352,32,64,32,32,0,1,1,4294967295
tile_scp,480,352,32,64,32,32,0,1,1,4294967295
tile_scp,512,352,32,64,32,32,0,1,1,4294967295
tile_scp,544,352,32,64,32,32,0,1,1,4294967295
tile_scp,576,352,32,64,32,32,0,1,1,4294967295
tile_scp,608,352,32,64,32,32,0,1,1,4294967295
tile_scp,640,352,32,64,32,32,0,1,1,4294967295
tile_scp,672,352,32,64,32,32,0,1,1,4294967295
tile_scp,128,352,32,64,32,32,0,1,1,4294967295
tile_scp,96,352,32,64,32,32,0,1,1,4294967295
tile_scp,704,352,64,64,32,32,0,1,1,4294967295
tile_scp,64,352,0,64,32,32,0,1,1,4294967295
tile_scp,64,320,192,64,32,32,0,1,1,4294967295
tile_scp,64,288,192,64,32,32,0,1,1,4294967295
tile_scp,64,256,192,64,32,32,0,1,1,4294967295
tile_scp,64,224,192,64,32,32,0,1,1,4294967295
tile_scp,64,192,192,64,32,32,0,1,1,4294967295
tile_scp,704,320,192,64,32,32,0,1,1,4294967295
tile_scp,704,288,192,64,32,32,0,1,1,4294967295
tile_scp,704,256,192,64,32,32,0,1,1,4294967295
tile_scp,704,224,192,64,32,32,0,1,1,4294967295
tile_scp,704,192,192,64,32,32,0,1,1,4294967295
tile_scp,704,160,160,64,32,32,0,1,1,4294967295
tile_scp,672,160,128,64,32,32,0,1,1,4294967295
tile_scp,576,160,128,64,32,32,0,1,1,4294967295
tile_scp,480,160,128,64,32,32,0,1,1,4294967295
tile_scp,448,160,128,64,32,32,0,1,1,4294967295
tile_scp,416,160,128,64,32,32,0,1,1,4294967295
tile_scp,384,160,128,64,32,32,0,1,1,4294967295
tile_scp,352,160,128,64,32,32,0,1,1,4294967295
tile_scp,320,160,128,64,32,32,0,1,1,4294967295
tile_scp,288,160,128,64,32,32,0,1,1,4294967295
tile_scp,256,160,128,64,32,32,0,1,1,4294967295
tile_scp,224,160,128,64,32,32,0,1,1,4294967295
tile_scp,192,160,128,64,32,32,0,1,1,4294967295
tile_scp,128,160,128,64,32,32,0,1,1,4294967295
tile_scp,96,160,128,64,32,32,0,1,1,4294967295
tile_scp,160,160,128,64,32,32,0,1,1,4294967295
tile_scp,64,160,96,64,32,32,0,1,1,4294967295
tile_scp,736,352,64,96,32,32,0,1,1,4294967295
tile_scp,736,320,64,96,32,32,0,1,1,4294967295
tile_scp,736,288,64,96,32,32,0,1,1,4294967295
tile_scp,736,256,64,96,32,32,0,1,1,4294967295
tile_scp,736,224,64,96,32,32,0,1,1,4294967295
tile_scp,736,160,64,96,32,32,0,1,1,4294967295
tile_scp,736,192,64,96,32,32,0,1,1,4294967295
tile_scp,32,352,96,96,32,32,0,1,1,4294967295
tile_scp,32,320,96,96,32,32,0,1,1,4294967295
tile_scp,32,288,96,96,32,32,0,1,1,4294967295
tile_scp,32,256,96,96,32,32,0,1,1,4294967295
tile_scp,32,160,96,96,32,32,0,1,1,4294967295
tile_scp,32,192,96,96,32,32,0,1,1,4294967295
tile_scp,32,224,96,96,32,32,0,1,1,4294967295
tile_scp,64,128,32,96,32,32,0,1,1,4294967295
tile_scp,96,128,32,96,32,32,0,1,1,4294967295
tile_scp,128,128,32,96,32,32,0,1,1,4294967295
tile_scp,160,128,32,96,32,32,0,1,1,4294967295
tile_scp,192,128,32,96,32,32,0,1,1,4294967295
tile_scp,512,128,32,96,32,32,0,1,1,4294967295
tile_scp,480,128,32,96,32,32,0,1,1,4294967295
tile_scp,448,128,32,96,32,32,0,1,1,4294967295
tile_scp,416,128,32,96,32,32,0,1,1,4294967295
tile_scp,384,128,32,96,32,32,0,1,1,4294967295
tile_scp,352,128,32,96,32,32,0,1,1,4294967295
tile_scp,320,128,32,96,32,32,0,1,1,4294967295
tile_scp,288,128,32,96,32,32,0,1,1,4294967295
tile_scp,256,128,32,96,32,32,0,1,1,4294967295
tile_scp,224,128,32,96,32,32,0,1,1,4294967295
tile_scp,64,384,0,96,32,32,0,1,1,4294967295
tile_scp,96,384,0,96,32,32,0,1,1,4294967295
tile_scp,128,384,0,96,32,32,0,1,1,4294967295
tile_scp,352,384,0,96,32,32,0,1,1,4294967295
tile_scp,384,384,0,96,32,32,0,1,1,4294967295
tile_scp,416,384,0,96,32,32,0,1,1,4294967295
tile_scp,448,384,0,96,32,32,0,1,1,4294967295
tile_scp,480,384,0,96,32,32,0,1,1,4294967295
tile_scp,512,384,0,96,32,32,0,1,1,4294967295
tile_scp,544,384,0,96,32,32,0,1,1,4294967295
tile_scp,576,384,0,96,32,32,0,1,1,4294967295
tile_scp,608,384,0,96,32,32,0,1,1,4294967295
tile_scp,640,384,0,96,32,32,0,1,1,4294967295
tile_scp,672,384,0,96,32,32,0,1,1,4294967295
tile_scp,704,384,0,96,32,32,0,1,1,4294967295
tile_scp,320,384,0,96,32,32,0,1,1,4294967295
tile_scp,288,384,0,96,32,32,0,1,1,4294967295
tile_scp,256,384,0,96,32,32,0,1,1,4294967295
tile_scp,224,384,0,96,32,32,0,1,1,4294967295
tile_scp,192,384,0,96,32,32,0,1,1,4294967295
tile_scp,160,384,0,96,32,32,0,1,1,4294967295
tile_scp,736,384,128,96,32,32,0,1,1,4294967295
tile_scp,32,384,160,96,32,32,0,1,1,4294967295
tile_scp,736,128,192,96,32,32,0,1,1,4294967295
tile_scp,32,128,224,96,32,32,0,1,1,4294967295
tile_scp,96,192,224,0,32,32,0,1,1,4294967295
tile_scp,128,192,224,0,32,32,0,1,1,4294967295
tile_scp,160,192,224,0,32,32,0,1,1,4294967295
tile_scp,192,192,224,0,32,32,0,1,1,4294967295
tile_scp,224,192,224,0,32,32,0,1,1,4294967295
tile_scp,256,192,224,0,32,32,0,1,1,4294967295
tile_scp,288,192,224,0,32,32,0,1,1,4294967295
tile_scp,320,192,224,0,32,32,0,1,1,4294967295
tile_scp,352,192,224,0,32,32,0,1,1,4294967295
tile_scp,384,192,224,0,32,32,0,1,1,4294967295
tile_scp,416,192,224,0,32,32,0,1,1,4294967295
tile_scp,448,192,224,0,32,32,0,1,1,4294967295
tile_scp,480,192,224,0,32,32,0,1,1,4294967295
tile_scp,576,192,224,0,32,32,0,1,1,4294967295
tile_scp,640,192,224,0,32,32,0,1,1,4294967295
tile_scp,672,192,224,0,32,32,0,1,1,4294967295
tile_scp,672,256,224,0,32,32,0,1,1,4294967295
tile_scp,640,256,224,0,32,32,0,1,1,4294967295
tile_scp,608,256,224,0,32,32,0,1,1,4294967295
tile_scp,576,256,224,0,32,32,0,1,1,4294967295
tile_scp,544,256,224,0,32,32,0,1,1,4294967295
tile_scp,480,256,224,0,32,32,0,1,1,4294967295
tile_scp,448,256,224,0,32,32,0,1,1,4294967295
tile_scp,416,256,224,0,32,32,0,1,1,4294967295
tile_scp,384,256,224,0,32,32,0,1,1,4294967295
tile_scp,352,256,224,0,32,32,0,1,1,4294967295
tile_scp,320,256,224,0,32,32,0,1,1,4294967295
tile_scp,288,256,224,0,32,32,0,1,1,4294967295
tile_scp,256,256,224,0,32,32,0,1,1,4294967295
tile_scp,224,256,224,0,32,32,0,1,1,4294967295
tile_scp,160,256,224,0,32,32,0,1,1,4294967295
tile_scp,128,256,224,0,32,32,0,1,1,4294967295
tile_scp,96,256,224,0,32,32,0,1,1,4294967295
tile_scp,96,320,224,0,32,32,0,1,1,4294967295
tile_scp,128,320,224,0,32,32,0,1,1,4294967295
tile_scp,160,320,224,0,32,32,0,1,1,4294967295
tile_scp,192,320,224,0,32,32,0,1,1,4294967295
tile_scp,224,320,224,0,32,32,0,1,1,4294967295
tile_scp,256,320,224,0,32,32,0,1,1,4294967295
tile_scp,288,320,224,0,32,32,0,1,1,4294967295
tile_scp,320,320,224,0,32,32,0,1,1,4294967295
tile_scp,352,320,224,0,32,32,0,1,1,4294967295
tile_scp,384,320,224,0,32,32,0,1,1,4294967295
tile_scp,416,320,224,0,32,32,0,1,1,4294967295
tile_scp,448,320,224,0,32,32,0,1,1,4294967295
tile_scp,480,320,224,0,32,32,0,1,1,4294967295
tile_scp,512,320,224,0,32,32,0,1,1,4294967295
tile_scp,544,320,224,0,32,32,0,1,1,4294967295
tile_scp,576,320,224,0,32,32,0,1,1,4294967295
tile_scp,608,320,224,0,32,32,0,1,1,4294967295
tile_scp,640,320,224,0,32,32,0,1,1,4294967295
tile_scp,672,320,224,0,32,32,0,1,1,4294967295
tile_scp,96,288,224,32,32,32,0,1,1,4294967295
tile_scp,128,288,224,32,32,32,0,1,1,4294967295
tile_scp,160,288,224,32,32,32,0,1,1,4294967295
tile_scp,224,288,224,32,32,32,0,1,1,4294967295
tile_scp,256,288,224,32,32,32,0,1,1,4294967295
tile_scp,288,288,224,32,32,32,0,1,1,4294967295
tile_scp,320,288,224,32,32,32,0,1,1,4294967295
tile_scp,352,288,224,32,32,32,0,1,1,4294967295
tile_scp,384,288,224,32,32,32,0,1,1,4294967295
tile_scp,416,288,224,32,32,32,0,1,1,4294967295
tile_scp,448,288,224,32,32,32,0,1,1,4294967295
tile_scp,480,288,224,32,32,32,0,1,1,4294967295
tile_scp,544,288,224,32,32,32,0,1,1,4294967295
tile_scp,576,288,224,32,32,32,0,1,1,4294967295
tile_scp,608,288,224,32,32,32,0,1,1,4294967295
tile_scp,640,288,224,32,32,32,0,1,1,4294967295
tile_scp,672,288,224,32,32,32,0,1,1,4294967295
tile_scp,672,224,224,32,32,32,0,1,1,4294967295
tile_scp,640,224,224,32,32,32,0,1,1,4294967295
tile_scp,576,224,224,32,32,32,0,1,1,4294967295
tile_scp,480,224,224,32,32,32,0,1,1,4294967295
tile_scp,448,224,224,32,32,32,0,1,1,4294967295
tile_scp,416,224,224,32,32,32,0,1,1,4294967295
tile_scp,384,224,224,32,32,32,0,1,1,4294967295
tile_scp,352,224,224,32,32,32,0,1,1,4294967295
tile_scp,320,224,224,32,32,32,0,1,1,4294967295
tile_scp,288,224,224,32,32,32,0,1,1,4294967295
tile_scp,256,224,224,32,32,32,0,1,1,4294967295
tile_scp,224,224,224,32,32,32,0,1,1,4294967295
tile_scp,192,224,224,32,32,32,0,1,1,4294967295
tile_scp,160,224,224,32,32,32,0,1,1,4294967295
tile_scp,128,224,224,32,32,32,0,1,1,4294967295
tile_scp,96,224,224,32,32,32,0,1,1,4294967295
tile_scp,192,256,192,0,32,32,0,1,1,4294967295
tile_scp,192,288,192,32,32,32,0,1,1,4294967295
tile_scp,512,256,160,0,32,32,0,1,1,4294967295
tile_scp,512,288,160,32,32,32,0,1,1,4294967295
tile_scp,608,192,64,0,32,32,0,1,1,4294967295
tile_scp,608,224,64,32,32,32,0,1,1,4294967295
tile_scp,512,224,128,64,32,32,0,1,1,4294967295
tile_scp,544,224,128,64,32,32,0,1,1,4294967295
tile_scp,512,160,192,64,32,32,0,1,1,4294967295
tile_scp,512,192,192,64,32,32,0,1,1,4294967295
tile_scp,544,192,192,64,32,32,0,1,1,4294967295
tile_scp,544,160,192,64,32,32,0,1,1,4294967295
tile_scp,576,128,192,64,32,32,0,1,1,4294967295
tile_scp,576,96,192,64,32,32,0,1,1,4294967295
tile_scp,576,64,192,64,32,32,0,1,1,4294967295
tile_scp,576,32,192,64,32,32,0,1,1,4294967295
tile_scp,576,0,192,64,32,32,0,1,1,4294967295
tile_scp,672,128,192,64,32,32,0,1,1,4294967295
tile_scp,672,96,192,64,32,32,0,1,1,4294967295
tile_scp,672,64,192,64,32,32,0,1,1,4294967295
tile_scp,672,0,192,64,32,32,0,1,1,4294967295
tile_scp,672,32,192,64,32,32,0,1,1,4294967295
tile_scp,544,128,96,128,32,32,0,1,1,4294967295
tile_scp,704,128,0,128,32,32,0,1,1,4294967295
tile_scp,544,96,96,96,32,32,0,1,1,4294967295
tile_scp,544,64,96,96,32,32,0,1,1,4294967295
tile_scp,544,32,96,96,32,32,0,1,1,4294967295
tile_scp,544,0,96,96,32,32,0,1,1,4294967295
tile_scp,704,96,64,96,32,32,0,1,1,4294967295
tile_scp,704,64,64,96,32,32,0,1,1,4294967295
tile_scp,704,32,64,96,32,32,0,1,1,4294967295
tile_scp,704,0,64,96,32,32,0,1,1,4294967295
tile_scp,608,128,224,0,32,32,0,1,1,4294967295
tile_scp,640,128,224,0,32,32,0,1,1,4294967295
tile_scp,640,64,224,0,32,32,0,1,1,4294967295
tile_scp,608,64,224,0,32,32,0,1,1,4294967295
tile_scp,608,0,224,0,32,32,0,1,1,4294967295
tile_scp,640,0,224,0,32,32,0,1,1,4294967295
tile_scp,608,160,224,32,32,32,0,1,1,4294967295
tile_scp,640,160,224,32,32,32,0,1,1,4294967295
tile_scp,640,96,224,32,32,32,0,1,1,4294967295
tile_scp,608,96,224,32,32,32,0,1,1,4294967295
tile_scp,608,32,224,32,32,32,0,1,1,4294967295
tile_scp,640,32,224,32,32,32,0,1,1,4294967295
