Block,64,256,2CF06046,0,1,1,4294967295,0,0
Block,64,224,BC94685B,0,1,1,4294967295,0,0
Block,64,192,DD50A7B4,0,1,1,4294967295,0,0
Block,64,160,F22443C2,0,1,1,4294967295,0,0
Block,96,160,2A60950D,0,1,1,4294967295,0,0
Block,128,160,A7780E72,0,1,1,4294967295,0,0
Block,160,160,B67CB1BA,0,1,1,4294967295,0,0
Block,192,160,2A2D09FA,0,1,1,4294967295,0,0
Block,224,160,76747CC9,0,1,1,4294967295,0,0
Block,64,288,480D4266,0,1,1,4294967295,0,0
Block,64,320,1631C18C,0,1,1,4294967295,0,0
Block,64,352,2F504F4D,0,1,1,4294967295,0,0
Block,96,352,055E9109,0,1,1,4294967295,0,0
Block,128,352,EDCD48C3,0,1,1,4294967295,0,0
Block,160,352,F4C0C415,0,1,1,4294967295,0,0
Block,192,352,2ED35722,0,1,1,4294967295,0,0
Block,224,352,77A5B989,0,1,1,4294967295,0,0
Block,256,352,FB0FC8BF,0,1,1,4294967295,0,0
Block,288,352,D5BBE17E,0,1,1,4294967295,0,0
Block,320,352,4BD516F5,0,1,1,4294967295,0,0
Block,352,352,C054E43B,0,1,1,4294967295,0,0
Block,384,352,ED257B18,0,1,1,4294967295,0,0
Block,416,352,FD0CBAD3,0,1,1,4294967295,0,0
Block,448,352,DF6362BE,0,1,1,4294967295,0,0
Block,480,352,DC07BE1B,0,1,1,4294967295,0,0
Block,512,352,358DBF83,0,1,1,4294967295,0,0
Block,544,352,1D3019BF,0,1,1,4294967295,0,0
Block,576,352,0D86E529,0,1,1,4294967295,0,0
Block,608,352,C9A4D98A,0,1,1,4294967295,0,0
Block,640,352,9A54F060,0,1,1,4294967295,0,0
Block,672,352,863735BD,0,1,1,4294967295,0,0
Block,704,352,6A320A9D,0,1,1,4294967295,0,0
Block,704,320,92907606,0,1,1,4294967295,0,0
Block,704,288,BBDF3094,0,1,1,4294967295,0,0
Block,704,256,37779DD9,0,1,1,4294967295,0,0
Block,704,224,547A1E29,0,1,1,4294967295,0,0
Block,704,192,92B70D51,0,1,1,4294967295,0,0
Block,704,160,4B3381EE,0,1,1,4294967295,0,0
Block,672,160,8CCA2C0E,0,1,1,4294967295,0,0
Block,576,160,448EA7B6,0,1,1,4294967295,0,0
Block,544,160,A06DF699,0,1,1,4294967295,0,0
Block,512,160,600D65AD,0,1,1,4294967295,0,0
Block,480,160,205A214D,0,1,1,4294967295,0,0
Block,288,160,8E8D7D13,0,1,1,4294967295,0,0
Block,256,160,11D811CE,0,1,1,4294967295,0,0
Block,320,160,D931FF66,0,1,1,4294967295,0,0
Block,352,160,DC2FCF3C,0,1,1,4294967295,0,0
Block,384,160,CE9C9755,0,1,1,4294967295,0,0
Block,416,160,A746DDC5,0,1,1,4294967295,0,0
Block,448,160,23445055,0,1,1,4294967295,0,0
Block,512,192,713E096B,0,1,1,4294967295,0,0
Block,512,224,8821B1F2,0,1,1,4294967295,0,0
Block,544,224,35B742A8,0,1,1,4294967295,0,0
Block,544,192,CE02F7BC,0,1,1,4294967295,0,0
Block,576,128,40F1FABF,0,1,1,4294967295,0,0
Block,576,96,1A7FBDB9,0,1,1,4294967295,0,0
Block,576,64,0B01B2AC,0,1,1,4294967295,0,0
Block,576,32,4BBB6C28,0,1,1,4294967295,0,0
Block,576,0,DD037758,0,1,1,4294967295,0,0
Block,672,128,07934B98,0,1,1,4294967295,0,0
Block,672,96,40458DC9,0,1,1,4294967295,0,0
Block,672,64,C6059FF6,0,1,1,4294967295,0,0
Block,672,32,68CDE972,0,1,1,4294967295,0,0
Block,672,0,7CD43315,0,1,1,4294967295,0,0
MusicPlayer,64,480,37E8D7F4,0,1,1,4294967295,0,1
Door,128,256,2DBF38AA,0,1,1,4294967295,0,1
OverheadLight,128,192,ABC1A70A,0,1,1,4294967295,0,1
OverheadLight,352,192,4DA7E6D4,0,1,1,4294967295,0,1
Door,384,256,5D0000A5,0,1,1,4294967295,0,1
Terminal,288,240,CD269FE8,0,1,1,4294967295,0,0
SecurityGate,520,256,AEC960C4,0,1,1,4294967295,0,0
CardReader,480,288,0ECDC293,0,1,1,4294967295,0,1
Folder,192,256,E6D73397,0,1,1,4294967295,0,1
Triggered1,528,288,4EB14BA9,0,1,1,4294967295,0,0
Elevator,672,256,4A97C6D1,0,-1,1,4294967295,0,1
ElevatorCables,616,224,C2FA2B22,0,1,1,4294967295,0,0
ElevatorCables,616,192,08CAC00B,0,1,1,4294967295,0,0
ElevatorCables,616,160,EA9CEAA0,0,1,1,4294967295,0,0
ElevatorCables,616,96,E5C0A7DA,0,1,1,4294967295,0,0
ElevatorCables,616,96,CE80F5E9,0,1,1,4294967295,0,0
ElevatorCables,616,128,448044D4,0,1,1,4294967295,0,0
ElevatorCables,616,64,D6F59006,0,1,1,4294967295,0,0
ElevatorCables,616,32,5E995FCA,0,1,1,4294967295,0,0
ElevatorCables,616,0,3D088E25,0,1,1,4294967295,0,0
PlayerStart,144,320,F778CB36,0,1,1,4294967295,0,1
PlayerStart,400,320,D4187532,0,1,1,4294967295,0,1
DarknessManager,64,448,3BC78C65,0,1,1,4294967295,0,1
ElevatorCutscene2,608,256,3B73A5F5,0,2,3,4294967295,0,0
