Block,64,416,FBD6617B,0,6,1,4294967295,0,0
Block,672,96,6E9CB217,0,1,10,4294967295,0,0
Block,512,416,04567D87,0,6,1,4294967295,0,0
Block,512,448,2A8565A4,0,1,5,4294967295,0,0
Block,224,448,37676490,0,1,5,4294967295,0,0
Block,64,64,9F471BC7,0,1,1,4294967295,0,0
Block,96,64,63E80611,0,1,1,4294967295,0,0
Block,128,64,97444DF1,0,1,1,4294967295,0,0
Block,160,64,B621519B,0,1,1,4294967295,0,0
Block,192,64,930E9745,0,1,1,4294967295,0,0
Block,224,64,4056A501,0,1,1,4294967295,0,0
Block,256,64,3CA6D350,0,1,1,4294967295,0,0
Block,288,64,21395941,0,1,1,4294967295,0,0
Block,320,64,710FF701,0,1,1,4294967295,0,0
Block,384,64,1867B1FF,0,1,1,4294967295,0,0
Block,416,64,BC01BF78,0,1,1,4294967295,0,0
Block,448,64,1561C5CA,0,1,1,4294967295,0,0
Block,480,64,70511DD7,0,1,1,4294967295,0,0
Block,512,64,440682AE,0,1,1,4294967295,0,0
Block,544,64,641848E7,0,1,1,4294967295,0,0
Block,576,64,477615E7,0,1,1,4294967295,0,0
Block,608,64,355137B4,0,1,1,4294967295,0,0
Block,640,64,A10F5B22,0,1,1,4294967295,0,0
Block,672,64,6B61F9A6,0,1,1,4294967295,0,0
Block,322,32,AAF4D56F,0,1,1,4294967295,0,0
Block,322,64,A457EB54,0,1,1,4294967295,0,0
Block,382,32,A8B2F593,0,1,1,4294967295,0,0
Block,382,64,D5F526CA,0,1,1,4294967295,0,0
Block,382,0,79438DC4,0,1,1,4294967295,0,0
Block,320,30,853238DB,0,1,1,4294967295,0,0
Block,288,30,733AE6C8,0,1,1,4294967295,0,0
Block,256,30,FE0E3B9A,0,1,1,4294967295,0,0
Block,256,-30,B9F6E244,0,1,1,4294967295,0,0
Block,288,-30,88ED5515,0,1,1,4294967295,0,0
Block,320,-30,FC3CB41F,0,1,1,4294967295,0,0
Block,352,-30,0B9A79EA,0,1,1,4294967295,0,0
Block,64,384,D5E0371A,0,1,1,4294967295,0,0
Block,64,320,9F83A32C,0,1,1,4294967295,0,0
Block,64,256,3B9DDEDF,0,1,1,4294967295,0,0
Block,64,224,F0244724,0,1,1,4294967295,0,0
Block,64,192,37168DA8,0,1,1,4294967295,0,0
Block,64,160,96662CEA,0,1,1,4294967295,0,0
Block,64,96,60C0B37C,0,1,1,4294967295,0,0
Block,64,288,C8012D67,0,1,1,4294967295,0,0
Block,30,158,968EEE62,0,1,1,4294967295,0,0
Block,62,158,E09B6ECF,0,1,1,4294967295,0,0
Block,30,190,02270A32,0,1,1,4294967295,0,0
Block,30,222,BA9D7C58,0,1,1,4294967295,0,0
Block,30,254,2BB64269,0,1,1,4294967295,0,0
Block,30,286,DD4D548E,0,1,1,4294967295,0,0
Block,30,317,15C47DB6,0,1,1,4294967295,0,0
Block,30,322,16E26898,0,1,1,4294967295,0,0
Block,62,322,BFC4278C,0,1,1,4294967295,0,0
Block,33,382,47F99270,0,1,1,4294967295,0,0
Block,65,382,138021D3,0,1,1,4294967295,0,0
Block,1,382,938E6E5C,0,1,1,4294967295,0,0
Block,-30,352,A7EA5EE3,0,1,1,4294967295,0,0
Block,-30,320,70545B71,0,1,1,4294967295,0,0
Block,-30,288,58B62897,0,1,1,4294967295,0,0
Block,-30,256,041BADCF,0,1,1,4294967295,0,0
Block,-30,224,AC418598,0,1,1,4294967295,0,0
Block,-30,192,338627A5,0,1,1,4294967295,0,0
Block,-30,160,2F074290,0,1,1,4294967295,0,0
Block,-30,128,D2D2CC88,0,1,1,4294967295,0,0
Block,0,98,75494666,0,1,1,4294967295,0,0
Block,32,98,1360219C,0,1,1,4294967295,0,0
Block,64,98,55E77A6F,0,1,1,4294967295,0,0
StairPlatform,376,602,31EA341D,0,1,1,4294967295,0,0
StairPlatformSegment,416,602,AF291C42,0,1,1,4294967295,0,0
Stairs,247,442,2DDEE598,0,1,1,4294967295,0,0
OutsideWarp,256,608,6FAF0505,0,8,1,4294967295,0,1
StairPlatformSegment,352,416,D1FAB958,0,1,1,4294967295,0,0
StairPlatformSegment,416,416,F3D705D0,0,1,1,4294967295,0,0
StairPlatform,288,416,7E883AE0,0,1,1,4294967295,0,0
OverheadLight,192,96,2908FA49,0,1,1,4294967295,0,1
OverheadLight,480,96,1DB4158E,0,1,1,4294967295,0,1
LongShelf,96,320,570F4958,0,1,1,4294967295,0,0
LongShelf,672,256,81AD901C,0,-1,1,4294967295,0,0
Shelf,96,192,5C56336F,0,1,1,4294967295,0,0
Shelf,672,160,C65FB7D9,0,-1,1,4294967295,0,0
Terminal,544,305,F0F048D3,0,1,1,4294967295,0,0
VentCoverV,352,64,429591AE,0,1,1,4294967295,0,1
VentCoverV,352,32,30B4DD49,0,1,1,4294967295,0,1
VentCoverDL,352,0,E911A444,0,1,1,4294967295,0,1
VentCoverH,320,0,80B5F491,0,1,1,4294967295,0,1
VentCoverH,288,0,BBB5EBA1,0,1,1,4294967295,0,1
VentCoverH,256,0,F9922B1A,0,1,1,4294967295,0,1
CardReader,192,352,C5474654,0,1,1,4294967295,0,1
Triggered1,264,96,D3928544,0,1,1,4294967295,0,0
Triggered1,560,96,2BCADA4E,0,1,1,4294967295,0,0
VentCoverDR,0,128,9C0A597F,0,1,1,4294967295,0,0
VentCoverUR,0,352,812BA183,0,1,1,4294967295,0,0
VentCoverH,32,352,C2B705D3,0,1,1,4294967295,0,0
VentCoverH,64,352,88739CC5,0,1,1,4294967295,0,0
VentCoverV,0,160,AF5C277A,0,1,1,4294967295,0,0
VentCoverV,0,192,BE62914F,0,1,1,4294967295,0,0
VentCoverV,0,224,D771A2B9,0,1,1,4294967295,0,0
VentCoverV,0,256,ABD913E4,0,1,1,4294967295,0,0
VentCoverV,0,288,82A6F3E3,0,1,1,4294967295,0,0
VentCoverV,0,320,04039F96,0,1,1,4294967295,0,0
VentCoverH,64,128,D71E56F3,0,1,1,4294967295,0,0
VentCoverH,32,128,25F80193,0,1,1,4294967295,0,0
PushBlock,336,352,7646A11C,0,2,2,4294967295,0,0
PushBlock,160,288,0D3FBBA4,0,1,1,4294967295,0,0
PushBlock,112,288,2DDA5261,0,1,1,4294967295,0,0
PushBlock,136,256,0A739DB8,0,1,1,4294967295,0,0
PushBlock,112,160,F9DB8DA7,0,1,1,4294967295,0,0
PushBlock,592,224,504D0AFE,0,1,1,4294967295,0,0
PushBlock,592,192,4D7C3535,0,1,1,4294967295,0,0
PushBlock,640,128,EDEA48EE,0,1,1,4294967295,0,0
PushBlock,640,384,F10C2FEF,0,1,1,4294967295,0,0
PushBlock,640,352,3E489955,0,1,1,4294967295,0,0
PushBlock,608,384,FC31AD59,0,1,1,4294967295,0,0
VentGrate,368,103,C79AF251,0,1,1,4294967295,90,1
VentGrate,96,144,CF37EF5F,0,1,1,4294967295,0,0
VentGrate,96,368,7472FC89,0,1,1,4294967295,0,0
PlayerStart,502,570,AF5A335B,0,-1,1,4294967295,0,1
DarknessManager,640,480,31BED053,0,1,1,4294967295,0,1
