tile_scp,0,1024,32,64,32,32,0,1,1,4294967295
tile_scp,32,1024,32,64,32,32,0,1,1,4294967295
tile_scp,64,1024,32,64,32,32,0,1,1,4294967295
tile_scp,96,1024,32,64,32,32,0,1,1,4294967295
tile_scp,128,1024,32,64,32,32,0,1,1,4294967295
tile_scp,160,1024,32,64,32,32,0,1,1,4294967295
tile_scp,192,1024,32,64,32,32,0,1,1,4294967295
tile_scp,224,1024,32,64,32,32,0,1,1,4294967295
tile_scp,256,1024,32,64,32,32,0,1,1,4294967295
tile_scp,288,1024,32,64,32,32,0,1,1,4294967295
tile_scp,320,1024,32,64,32,32,0,1,1,4294967295
tile_scp,352,1024,32,64,32,32,0,1,1,4294967295
tile_scp,384,1024,32,64,32,32,0,1,1,4294967295
tile_scp,416,1024,32,64,32,32,0,1,1,4294967295
tile_scp,448,1024,32,64,32,32,0,1,1,4294967295
tile_scp,480,1024,32,64,32,32,0,1,1,4294967295
tile_scp,512,1024,32,64,32,32,0,1,1,4294967295
tile_scp,544,1024,32,64,32,32,0,1,1,4294967295
tile_scp,576,1024,32,64,32,32,0,1,1,4294967295
tile_scp,608,1024,32,64,32,32,0,1,1,4294967295
tile_scp,640,1024,32,64,32,32,0,1,1,4294967295
tile_scp,672,1024,32,64,32,32,0,1,1,4294967295
tile_scp,704,1024,32,64,32,32,0,1,1,4294967295
tile_scp,736,1024,32,64,32,32,0,1,1,4294967295
tile_scp,768,1024,32,64,32,32,0,1,1,4294967295
tile_scp,0,832,128,64,32,32,0,1,1,4294967295
tile_scp,32,832,128,64,32,32,0,1,1,4294967295
tile_scp,64,832,128,64,32,32,0,1,1,4294967295
tile_scp,96,832,128,64,32,32,0,1,1,4294967295
tile_scp,128,832,128,64,32,32,0,1,1,4294967295
tile_scp,160,832,128,64,32,32,0,1,1,4294967295
tile_scp,192,832,128,64,32,32,0,1,1,4294967295
tile_scp,224,832,128,64,32,32,0,1,1,4294967295
tile_scp,256,832,128,64,32,32,0,1,1,4294967295
tile_scp,288,832,128,64,32,32,0,1,1,4294967295
tile_scp,320,832,128,64,32,32,0,1,1,4294967295
tile_scp,352,832,128,64,32,32,0,1,1,4294967295
tile_scp,384,832,128,64,32,32,0,1,1,4294967295
tile_scp,416,832,128,64,32,32,0,1,1,4294967295
tile_scp,448,832,128,64,32,32,0,1,1,4294967295
tile_scp,480,832,128,64,32,32,0,1,1,4294967295
tile_scp,512,832,128,64,32,32,0,1,1,4294967295
tile_scp,544,832,128,64,32,32,0,1,1,4294967295
tile_scp,576,832,128,64,32,32,0,1,1,4294967295
tile_scp,608,832,128,64,32,32,0,1,1,4294967295
tile_scp,640,832,128,64,32,32,0,1,1,4294967295
tile_scp,672,832,128,64,32,32,0,1,1,4294967295
tile_scp,704,832,128,64,32,32,0,1,1,4294967295
tile_scp,736,832,128,64,32,32,0,1,1,4294967295
tile_scp,768,832,128,64,32,32,0,1,1,4294967295
tile_scp,0,1056,0,96,32,32,0,1,1,4294967295
tile_scp,32,1056,0,96,32,32,0,1,1,4294967295
tile_scp,64,1056,0,96,32,32,0,1,1,4294967295
tile_scp,96,1056,0,96,32,32,0,1,1,4294967295
tile_scp,128,1056,0,96,32,32,0,1,1,4294967295
tile_scp,160,1056,0,96,32,32,0,1,1,4294967295
tile_scp,192,1056,0,96,32,32,0,1,1,4294967295
tile_scp,224,1056,0,96,32,32,0,1,1,4294967295
tile_scp,256,1056,0,96,32,32,0,1,1,4294967295
tile_scp,288,1056,0,96,32,32,0,1,1,4294967295
tile_scp,320,1056,0,96,32,32,0,1,1,4294967295
tile_scp,352,1056,0,96,32,32,0,1,1,4294967295
tile_scp,384,1056,0,96,32,32,0,1,1,4294967295
tile_scp,416,1056,0,96,32,32,0,1,1,4294967295
tile_scp,448,1056,0,96,32,32,0,1,1,4294967295
tile_scp,480,1056,0,96,32,32,0,1,1,4294967295
tile_scp,512,1056,0,96,32,32,0,1,1,4294967295
tile_scp,544,1056,0,96,32,32,0,1,1,4294967295
tile_scp,576,1056,0,96,32,32,0,1,1,4294967295
tile_scp,608,1056,0,96,32,32,0,1,1,4294967295
tile_scp,640,1056,0,96,32,32,0,1,1,4294967295
tile_scp,672,1056,0,96,32,32,0,1,1,4294967295
tile_scp,704,1056,0,96,32,32,0,1,1,4294967295
tile_scp,736,1056,0,96,32,32,0,1,1,4294967295
tile_scp,768,1056,0,96,32,32,0,1,1,4294967295
tile_scp,0,800,32,96,32,32,0,1,1,4294967295
tile_scp,32,800,32,96,32,32,0,1,1,4294967295
tile_scp,64,800,32,96,32,32,0,1,1,4294967295
tile_scp,96,800,32,96,32,32,0,1,1,4294967295
tile_scp,128,800,32,96,32,32,0,1,1,4294967295
tile_scp,160,800,32,96,32,32,0,1,1,4294967295
tile_scp,192,800,32,96,32,32,0,1,1,4294967295
tile_scp,224,800,32,96,32,32,0,1,1,4294967295
tile_scp,256,800,32,96,32,32,0,1,1,4294967295
tile_scp,288,800,32,96,32,32,0,1,1,4294967295
tile_scp,320,800,32,96,32,32,0,1,1,4294967295
tile_scp,352,800,32,96,32,32,0,1,1,4294967295
tile_scp,384,800,32,96,32,32,0,1,1,4294967295
tile_scp,416,800,32,96,32,32,0,1,1,4294967295
tile_scp,448,800,32,96,32,32,0,1,1,4294967295
tile_scp,480,800,32,96,32,32,0,1,1,4294967295
tile_scp,512,800,32,96,32,32,0,1,1,4294967295
tile_scp,544,800,32,96,32,32,0,1,1,4294967295
tile_scp,576,800,32,96,32,32,0,1,1,4294967295
tile_scp,608,800,32,96,32,32,0,1,1,4294967295
tile_scp,640,800,32,96,32,32,0,1,1,4294967295
tile_scp,672,800,32,96,32,32,0,1,1,4294967295
tile_scp,704,800,32,96,32,32,0,1,1,4294967295
tile_scp,736,800,32,96,32,32,0,1,1,4294967295
tile_scp,768,800,32,96,32,32,0,1,1,4294967295
tile_scp,0,896,224,0,32,32,0,1,1,4294967295
tile_scp,32,896,224,0,32,32,0,1,1,4294967295
tile_scp,96,896,224,0,32,32,0,1,1,4294967295
tile_scp,128,896,224,0,32,32,0,1,1,4294967295
tile_scp,160,896,224,0,32,32,0,1,1,4294967295
tile_scp,192,896,224,0,32,32,0,1,1,4294967295
tile_scp,224,896,224,0,32,32,0,1,1,4294967295
tile_scp,256,896,224,0,32,32,0,1,1,4294967295
tile_scp,288,896,224,0,32,32,0,1,1,4294967295
tile_scp,352,896,224,0,32,32,0,1,1,4294967295
tile_scp,384,896,224,0,32,32,0,1,1,4294967295
tile_scp,416,896,224,0,32,32,0,1,1,4294967295
tile_scp,448,896,224,0,32,32,0,1,1,4294967295
tile_scp,544,896,224,0,32,32,0,1,1,4294967295
tile_scp,576,896,224,0,32,32,0,1,1,4294967295
tile_scp,608,896,224,0,32,32,0,1,1,4294967295
tile_scp,640,896,224,0,32,32,0,1,1,4294967295
tile_scp,672,896,224,0,32,32,0,1,1,4294967295
tile_scp,704,896,224,0,32,32,0,1,1,4294967295
tile_scp,736,896,224,0,32,32,0,1,1,4294967295
tile_scp,768,896,224,0,32,32,0,1,1,4294967295
tile_scp,512,896,224,0,32,32,0,1,1,4294967295
tile_scp,480,896,224,0,32,32,0,1,1,4294967295
tile_scp,768,960,224,0,32,32,0,1,1,4294967295
tile_scp,736,960,224,0,32,32,0,1,1,4294967295
tile_scp,704,960,224,0,32,32,0,1,1,4294967295
tile_scp,672,960,224,0,32,32,0,1,1,4294967295
tile_scp,640,960,224,0,32,32,0,1,1,4294967295
tile_scp,608,960,224,0,32,32,0,1,1,4294967295
tile_scp,544,960,224,0,32,32,0,1,1,4294967295
tile_scp,512,960,224,0,32,32,0,1,1,4294967295
tile_scp,480,960,224,0,32,32,0,1,1,4294967295
tile_scp,448,960,224,0,32,32,0,1,1,4294967295
tile_scp,416,960,224,0,32,32,0,1,1,4294967295
tile_scp,384,960,224,0,32,32,0,1,1,4294967295
tile_scp,352,960,224,0,32,32,0,1,1,4294967295
tile_scp,320,960,224,0,32,32,0,1,1,4294967295
tile_scp,288,960,224,0,32,32,0,1,1,4294967295
tile_scp,256,960,224,0,32,32,0,1,1,4294967295
tile_scp,192,960,224,0,32,32,0,1,1,4294967295
tile_scp,160,960,224,0,32,32,0,1,1,4294967295
tile_scp,128,960,224,0,32,32,0,1,1,4294967295
tile_scp,96,960,224,0,32,32,0,1,1,4294967295
tile_scp,64,960,224,0,32,32,0,1,1,4294967295
tile_scp,32,960,224,0,32,32,0,1,1,4294967295
tile_scp,0,960,224,0,32,32,0,1,1,4294967295
tile_scp,0,992,224,32,32,32,0,1,1,4294967295
tile_scp,32,992,224,32,32,32,0,1,1,4294967295
tile_scp,64,992,224,32,32,32,0,1,1,4294967295
tile_scp,96,992,224,32,32,32,0,1,1,4294967295
tile_scp,128,992,224,32,32,32,0,1,1,4294967295
tile_scp,160,992,224,32,32,32,0,1,1,4294967295
tile_scp,192,992,224,32,32,32,0,1,1,4294967295
tile_scp,256,992,224,32,32,32,0,1,1,4294967295
tile_scp,288,992,224,32,32,32,0,1,1,4294967295
tile_scp,320,992,224,32,32,32,0,1,1,4294967295
tile_scp,352,992,224,32,32,32,0,1,1,4294967295
tile_scp,384,992,224,32,32,32,0,1,1,4294967295
tile_scp,416,992,224,32,32,32,0,1,1,4294967295
tile_scp,448,992,224,32,32,32,0,1,1,4294967295
tile_scp,480,992,224,32,32,32,0,1,1,4294967295
tile_scp,512,992,224,32,32,32,0,1,1,4294967295
tile_scp,544,992,224,32,32,32,0,1,1,4294967295
tile_scp,608,992,224,32,32,32,0,1,1,4294967295
tile_scp,640,992,224,32,32,32,0,1,1,4294967295
tile_scp,672,992,224,32,32,32,0,1,1,4294967295
tile_scp,704,992,224,32,32,32,0,1,1,4294967295
tile_scp,736,992,224,32,32,32,0,1,1,4294967295
tile_scp,768,992,224,32,32,32,0,1,1,4294967295
tile_scp,768,928,224,32,32,32,0,1,1,4294967295
tile_scp,736,928,224,32,32,32,0,1,1,4294967295
tile_scp,704,928,224,32,32,32,0,1,1,4294967295
tile_scp,672,928,224,32,32,32,0,1,1,4294967295
tile_scp,640,928,224,32,32,32,0,1,1,4294967295
tile_scp,608,928,224,32,32,32,0,1,1,4294967295
tile_scp,544,928,224,32,32,32,0,1,1,4294967295
tile_scp,512,928,224,32,32,32,0,1,1,4294967295
tile_scp,480,928,224,32,32,32,0,1,1,4294967295
tile_scp,448,928,224,32,32,32,0,1,1,4294967295
tile_scp,416,928,224,32,32,32,0,1,1,4294967295
tile_scp,384,928,224,32,32,32,0,1,1,4294967295
tile_scp,352,928,224,32,32,32,0,1,1,4294967295
tile_scp,288,928,224,32,32,32,0,1,1,4294967295
tile_scp,0,928,224,32,32,32,0,1,1,4294967295
tile_scp,32,928,224,32,32,32,0,1,1,4294967295
tile_scp,64,928,224,32,32,32,0,1,1,4294967295
tile_scp,96,928,224,32,32,32,0,1,1,4294967295
tile_scp,128,928,224,32,32,32,0,1,1,4294967295
tile_scp,160,928,224,32,32,32,0,1,1,4294967295
tile_scp,192,928,224,32,32,32,0,1,1,4294967295
tile_scp,256,928,224,32,32,32,0,1,1,4294967295
tile_scp,0,864,224,32,32,32,0,1,1,4294967295
tile_scp,32,864,224,32,32,32,0,1,1,4294967295
tile_scp,96,864,224,32,32,32,0,1,1,4294967295
tile_scp,128,864,224,32,32,32,0,1,1,4294967295
tile_scp,160,864,224,32,32,32,0,1,1,4294967295
tile_scp,192,864,224,32,32,32,0,1,1,4294967295
tile_scp,224,864,224,32,32,32,0,1,1,4294967295
tile_scp,256,864,224,32,32,32,0,1,1,4294967295
tile_scp,288,864,224,32,32,32,0,1,1,4294967295
tile_scp,320,864,224,32,32,32,0,1,1,4294967295
tile_scp,352,864,224,32,32,32,0,1,1,4294967295
tile_scp,384,864,224,32,32,32,0,1,1,4294967295
tile_scp,416,864,224,32,32,32,0,1,1,4294967295
tile_scp,448,864,224,32,32,32,0,1,1,4294967295
tile_scp,480,864,224,32,32,32,0,1,1,4294967295
tile_scp,512,864,224,32,32,32,0,1,1,4294967295
tile_scp,544,864,224,32,32,32,0,1,1,4294967295
tile_scp,576,864,224,32,32,32,0,1,1,4294967295
tile_scp,608,864,224,32,32,32,0,1,1,4294967295
tile_scp,640,864,224,32,32,32,0,1,1,4294967295
tile_scp,672,864,224,32,32,32,0,1,1,4294967295
tile_scp,704,864,224,32,32,32,0,1,1,4294967295
tile_scp,736,864,224,32,32,32,0,1,1,4294967295
tile_scp,768,864,224,32,32,32,0,1,1,4294967295
tile_scp,800,1024,32,64,32,32,0,1,1,4294967295
tile_scp,832,1024,32,64,32,32,0,1,1,4294967295
tile_scp,864,1024,32,64,32,32,0,1,1,4294967295
tile_scp,896,1024,32,64,32,32,0,1,1,4294967295
tile_scp,928,1024,32,64,32,32,0,1,1,4294967295
tile_scp,960,1024,32,64,32,32,0,1,1,4294967295
tile_scp,992,1024,32,64,32,32,0,1,1,4294967295
tile_scp,1024,1024,32,64,32,32,0,1,1,4294967295
tile_scp,1056,1024,32,64,32,32,0,1,1,4294967295
tile_scp,1088,1024,32,64,32,32,0,1,1,4294967295
tile_scp,1120,1024,32,64,32,32,0,1,1,4294967295
tile_scp,1152,1024,32,64,32,32,0,1,1,4294967295
tile_scp,1184,1024,32,64,32,32,0,1,1,4294967295
tile_scp,1216,1024,32,64,32,32,0,1,1,4294967295
tile_scp,1248,1024,32,64,32,32,0,1,1,4294967295
tile_scp,1280,1024,32,64,32,32,0,1,1,4294967295
tile_scp,1312,1024,32,64,32,32,0,1,1,4294967295
tile_scp,1344,1024,32,64,32,32,0,1,1,4294967295
tile_scp,1376,1024,32,64,32,32,0,1,1,4294967295
tile_scp,1408,1024,32,64,32,32,0,1,1,4294967295
tile_scp,1440,1024,32,64,32,32,0,1,1,4294967295
tile_scp,1472,1024,32,64,32,32,0,1,1,4294967295
tile_scp,1504,1024,32,64,32,32,0,1,1,4294967295
tile_scp,1536,1024,32,64,32,32,0,1,1,4294967295
tile_scp,1568,1024,32,64,32,32,0,1,1,4294967295
tile_scp,800,832,128,64,32,32,0,1,1,4294967295
tile_scp,832,832,128,64,32,32,0,1,1,4294967295
tile_scp,864,832,128,64,32,32,0,1,1,4294967295
tile_scp,896,832,128,64,32,32,0,1,1,4294967295
tile_scp,928,832,128,64,32,32,0,1,1,4294967295
tile_scp,960,832,128,64,32,32,0,1,1,4294967295
tile_scp,992,832,128,64,32,32,0,1,1,4294967295
tile_scp,1024,832,128,64,32,32,0,1,1,4294967295
tile_scp,1056,832,128,64,32,32,0,1,1,4294967295
tile_scp,1088,832,128,64,32,32,0,1,1,4294967295
tile_scp,1120,832,128,64,32,32,0,1,1,4294967295
tile_scp,1152,832,128,64,32,32,0,1,1,4294967295
tile_scp,1184,832,128,64,32,32,0,1,1,4294967295
tile_scp,1216,832,128,64,32,32,0,1,1,4294967295
tile_scp,1248,832,128,64,32,32,0,1,1,4294967295
tile_scp,1280,832,128,64,32,32,0,1,1,4294967295
tile_scp,1312,832,128,64,32,32,0,1,1,4294967295
tile_scp,1344,832,128,64,32,32,0,1,1,4294967295
tile_scp,1376,832,128,64,32,32,0,1,1,4294967295
tile_scp,1408,832,128,64,32,32,0,1,1,4294967295
tile_scp,1440,832,128,64,32,32,0,1,1,4294967295
tile_scp,1472,832,128,64,32,32,0,1,1,4294967295
tile_scp,1504,832,128,64,32,32,0,1,1,4294967295
tile_scp,1536,832,128,64,32,32,0,1,1,4294967295
tile_scp,1568,832,128,64,32,32,0,1,1,4294967295
tile_scp,800,1056,0,96,32,32,0,1,1,4294967295
tile_scp,832,1056,0,96,32,32,0,1,1,4294967295
tile_scp,864,1056,0,96,32,32,0,1,1,4294967295
tile_scp,896,1056,0,96,32,32,0,1,1,4294967295
tile_scp,928,1056,0,96,32,32,0,1,1,4294967295
tile_scp,960,1056,0,96,32,32,0,1,1,4294967295
tile_scp,992,1056,0,96,32,32,0,1,1,4294967295
tile_scp,1024,1056,0,96,32,32,0,1,1,4294967295
tile_scp,1056,1056,0,96,32,32,0,1,1,4294967295
tile_scp,1088,1056,0,96,32,32,0,1,1,4294967295
tile_scp,1120,1056,0,96,32,32,0,1,1,4294967295
tile_scp,1152,1056,0,96,32,32,0,1,1,4294967295
tile_scp,1184,1056,0,96,32,32,0,1,1,4294967295
tile_scp,1216,1056,0,96,32,32,0,1,1,4294967295
tile_scp,1248,1056,0,96,32,32,0,1,1,4294967295
tile_scp,1280,1056,0,96,32,32,0,1,1,4294967295
tile_scp,1312,1056,0,96,32,32,0,1,1,4294967295
tile_scp,1344,1056,0,96,32,32,0,1,1,4294967295
tile_scp,1376,1056,0,96,32,32,0,1,1,4294967295
tile_scp,1408,1056,0,96,32,32,0,1,1,4294967295
tile_scp,1440,1056,0,96,32,32,0,1,1,4294967295
tile_scp,1472,1056,0,96,32,32,0,1,1,4294967295
tile_scp,1504,1056,0,96,32,32,0,1,1,4294967295
tile_scp,1536,1056,0,96,32,32,0,1,1,4294967295
tile_scp,1568,1056,0,96,32,32,0,1,1,4294967295
tile_scp,800,800,32,96,32,32,0,1,1,4294967295
tile_scp,832,800,32,96,32,32,0,1,1,4294967295
tile_scp,864,800,32,96,32,32,0,1,1,4294967295
tile_scp,896,800,32,96,32,32,0,1,1,4294967295
tile_scp,928,800,32,96,32,32,0,1,1,4294967295
tile_scp,960,800,32,96,32,32,0,1,1,4294967295
tile_scp,992,800,32,96,32,32,0,1,1,4294967295
tile_scp,1024,800,32,96,32,32,0,1,1,4294967295
tile_scp,1056,800,32,96,32,32,0,1,1,4294967295
tile_scp,1088,800,32,96,32,32,0,1,1,4294967295
tile_scp,1120,800,32,96,32,32,0,1,1,4294967295
tile_scp,1152,800,32,96,32,32,0,1,1,4294967295
tile_scp,1184,800,32,96,32,32,0,1,1,4294967295
tile_scp,1216,800,32,96,32,32,0,1,1,4294967295
tile_scp,1248,800,32,96,32,32,0,1,1,4294967295
tile_scp,1280,800,32,96,32,32,0,1,1,4294967295
tile_scp,1312,800,32,96,32,32,0,1,1,4294967295
tile_scp,1344,800,32,96,32,32,0,1,1,4294967295
tile_scp,1376,800,32,96,32,32,0,1,1,4294967295
tile_scp,1408,800,32,96,32,32,0,1,1,4294967295
tile_scp,1440,800,32,96,32,32,0,1,1,4294967295
tile_scp,1472,800,32,96,32,32,0,1,1,4294967295
tile_scp,1504,800,32,96,32,32,0,1,1,4294967295
tile_scp,1536,800,32,96,32,32,0,1,1,4294967295
tile_scp,1568,800,32,96,32,32,0,1,1,4294967295
tile_scp,800,896,224,0,32,32,0,1,1,4294967295
tile_scp,832,896,224,0,32,32,0,1,1,4294967295
tile_scp,896,896,224,0,32,32,0,1,1,4294967295
tile_scp,928,896,224,0,32,32,0,1,1,4294967295
tile_scp,960,896,224,0,32,32,0,1,1,4294967295
tile_scp,992,896,224,0,32,32,0,1,1,4294967295
tile_scp,1024,896,224,0,32,32,0,1,1,4294967295
tile_scp,1056,896,224,0,32,32,0,1,1,4294967295
tile_scp,1088,896,224,0,32,32,0,1,1,4294967295
tile_scp,1120,896,224,0,32,32,0,1,1,4294967295
tile_scp,1152,896,224,0,32,32,0,1,1,4294967295
tile_scp,1184,896,224,0,32,32,0,1,1,4294967295
tile_scp,1216,896,224,0,32,32,0,1,1,4294967295
tile_scp,1248,896,224,0,32,32,0,1,1,4294967295
tile_scp,1344,896,224,0,32,32,0,1,1,4294967295
tile_scp,1376,896,224,0,32,32,0,1,1,4294967295
tile_scp,1408,896,224,0,32,32,0,1,1,4294967295
tile_scp,1440,896,224,0,32,32,0,1,1,4294967295
tile_scp,1472,896,224,0,32,32,0,1,1,4294967295
tile_scp,1504,896,224,0,32,32,0,1,1,4294967295
tile_scp,1536,896,224,0,32,32,0,1,1,4294967295
tile_scp,1568,896,224,0,32,32,0,1,1,4294967295
tile_scp,1312,896,224,0,32,32,0,1,1,4294967295
tile_scp,1280,896,224,0,32,32,0,1,1,4294967295
tile_scp,1568,960,224,0,32,32,0,1,1,4294967295
tile_scp,1536,960,224,0,32,32,0,1,1,4294967295
tile_scp,1504,960,224,0,32,32,0,1,1,4294967295
tile_scp,1472,960,224,0,32,32,0,1,1,4294967295
tile_scp,1440,960,224,0,32,32,0,1,1,4294967295
tile_scp,1408,960,224,0,32,32,0,1,1,4294967295
tile_scp,1344,960,224,0,32,32,0,1,1,4294967295
tile_scp,1312,960,224,0,32,32,0,1,1,4294967295
tile_scp,1280,960,224,0,32,32,0,1,1,4294967295
tile_scp,1248,960,224,0,32,32,0,1,1,4294967295
tile_scp,1216,960,224,0,32,32,0,1,1,4294967295
tile_scp,1184,960,224,0,32,32,0,1,1,4294967295
tile_scp,1152,960,224,0,32,32,0,1,1,4294967295
tile_scp,1120,960,224,0,32,32,0,1,1,4294967295
tile_scp,1088,960,224,0,32,32,0,1,1,4294967295
tile_scp,1056,960,224,0,32,32,0,1,1,4294967295
tile_scp,960,960,224,0,32,32,0,1,1,4294967295
tile_scp,928,960,224,0,32,32,0,1,1,4294967295
tile_scp,896,960,224,0,32,32,0,1,1,4294967295
tile_scp,864,960,224,0,32,32,0,1,1,4294967295
tile_scp,832,960,224,0,32,32,0,1,1,4294967295
tile_scp,800,960,224,0,32,32,0,1,1,4294967295
tile_scp,800,992,224,32,32,32,0,1,1,4294967295
tile_scp,832,992,224,32,32,32,0,1,1,4294967295
tile_scp,864,992,224,32,32,32,0,1,1,4294967295
tile_scp,896,992,224,32,32,32,0,1,1,4294967295
tile_scp,928,992,224,32,32,32,0,1,1,4294967295
tile_scp,960,992,224,32,32,32,0,1,1,4294967295
tile_scp,1056,992,224,32,32,32,0,1,1,4294967295
tile_scp,1088,992,224,32,32,32,0,1,1,4294967295
tile_scp,1120,992,224,32,32,32,0,1,1,4294967295
tile_scp,1152,992,224,32,32,32,0,1,1,4294967295
tile_scp,1184,992,224,32,32,32,0,1,1,4294967295
tile_scp,1216,992,224,32,32,32,0,1,1,4294967295
tile_scp,1248,992,224,32,32,32,0,1,1,4294967295
tile_scp,1280,992,224,32,32,32,0,1,1,4294967295
tile_scp,1312,992,224,32,32,32,0,1,1,4294967295
tile_scp,1344,992,224,32,32,32,0,1,1,4294967295
tile_scp,1408,992,224,32,32,32,0,1,1,4294967295
tile_scp,1440,992,224,32,32,32,0,1,1,4294967295
tile_scp,1472,992,224,32,32,32,0,1,1,4294967295
tile_scp,1504,992,224,32,32,32,0,1,1,4294967295
tile_scp,1536,992,224,32,32,32,0,1,1,4294967295
tile_scp,1568,992,224,32,32,32,0,1,1,4294967295
tile_scp,1568,928,224,32,32,32,0,1,1,4294967295
tile_scp,1536,928,224,32,32,32,0,1,1,4294967295
tile_scp,1504,928,224,32,32,32,0,1,1,4294967295
tile_scp,1472,928,224,32,32,32,0,1,1,4294967295
tile_scp,1440,928,224,32,32,32,0,1,1,4294967295
tile_scp,1408,928,224,32,32,32,0,1,1,4294967295
tile_scp,1376,928,224,32,32,32,0,1,1,4294967295
tile_scp,1344,928,224,32,32,32,0,1,1,4294967295
tile_scp,1312,928,224,32,32,32,0,1,1,4294967295
tile_scp,1280,928,224,32,32,32,0,1,1,4294967295
tile_scp,1248,928,224,32,32,32,0,1,1,4294967295
tile_scp,1216,928,224,32,32,32,0,1,1,4294967295
tile_scp,1184,928,224,32,32,32,0,1,1,4294967295
tile_scp,1152,928,224,32,32,32,0,1,1,4294967295
tile_scp,1120,928,224,32,32,32,0,1,1,4294967295
tile_scp,1088,928,224,32,32,32,0,1,1,4294967295
tile_scp,800,928,224,32,32,32,0,1,1,4294967295
tile_scp,832,928,224,32,32,32,0,1,1,4294967295
tile_scp,896,928,224,32,32,32,0,1,1,4294967295
tile_scp,928,928,224,32,32,32,0,1,1,4294967295
tile_scp,960,928,224,32,32,32,0,1,1,4294967295
tile_scp,992,928,224,32,32,32,0,1,1,4294967295
tile_scp,1024,928,224,32,32,32,0,1,1,4294967295
tile_scp,1056,928,224,32,32,32,0,1,1,4294967295
tile_scp,800,864,224,32,32,32,0,1,1,4294967295
tile_scp,832,864,224,32,32,32,0,1,1,4294967295
tile_scp,864,864,224,32,32,32,0,1,1,4294967295
tile_scp,896,864,224,32,32,32,0,1,1,4294967295
tile_scp,928,864,224,32,32,32,0,1,1,4294967295
tile_scp,960,864,224,32,32,32,0,1,1,4294967295
tile_scp,992,864,224,32,32,32,0,1,1,4294967295
tile_scp,1024,864,224,32,32,32,0,1,1,4294967295
tile_scp,1056,864,224,32,32,32,0,1,1,4294967295
tile_scp,1088,864,224,32,32,32,0,1,1,4294967295
tile_scp,1120,864,224,32,32,32,0,1,1,4294967295
tile_scp,1152,864,224,32,32,32,0,1,1,4294967295
tile_scp,1184,864,224,32,32,32,0,1,1,4294967295
tile_scp,1216,864,224,32,32,32,0,1,1,4294967295
tile_scp,1248,864,224,32,32,32,0,1,1,4294967295
tile_scp,1280,864,224,32,32,32,0,1,1,4294967295
tile_scp,1312,864,224,32,32,32,0,1,1,4294967295
tile_scp,1344,864,224,32,32,32,0,1,1,4294967295
tile_scp,1376,864,224,32,32,32,0,1,1,4294967295
tile_scp,1408,864,224,32,32,32,0,1,1,4294967295
tile_scp,1440,864,224,32,32,32,0,1,1,4294967295
tile_scp,1472,864,224,32,32,32,0,1,1,4294967295
tile_scp,1504,864,224,32,32,32,0,1,1,4294967295
tile_scp,1536,864,224,32,32,32,0,1,1,4294967295
tile_scp,1568,864,224,32,32,32,0,1,1,4294967295
tile_scp,1600,1024,32,64,32,32,0,1,1,4294967295
tile_scp,1632,1024,32,64,32,32,0,1,1,4294967295
tile_scp,1664,1024,32,64,32,32,0,1,1,4294967295
tile_scp,1696,1024,32,64,32,32,0,1,1,4294967295
tile_scp,1728,1024,32,64,32,32,0,1,1,4294967295
tile_scp,1760,1024,32,64,32,32,0,1,1,4294967295
tile_scp,1792,1024,32,64,32,32,0,1,1,4294967295
tile_scp,1824,1024,32,64,32,32,0,1,1,4294967295
tile_scp,1856,1024,32,64,32,32,0,1,1,4294967295
tile_scp,1888,1024,32,64,32,32,0,1,1,4294967295
tile_scp,1920,1024,32,64,32,32,0,1,1,4294967295
tile_scp,1952,1024,32,64,32,32,0,1,1,4294967295
tile_scp,1984,1024,32,64,32,32,0,1,1,4294967295
tile_scp,2016,1024,32,64,32,32,0,1,1,4294967295
tile_scp,2048,1024,32,64,32,32,0,1,1,4294967295
tile_scp,2080,1024,32,64,32,32,0,1,1,4294967295
tile_scp,2112,1024,32,64,32,32,0,1,1,4294967295
tile_scp,2144,1024,32,64,32,32,0,1,1,4294967295
tile_scp,2176,1024,32,64,32,32,0,1,1,4294967295
tile_scp,2208,1024,32,64,32,32,0,1,1,4294967295
tile_scp,2240,1024,32,64,32,32,0,1,1,4294967295
tile_scp,2272,1024,32,64,32,32,0,1,1,4294967295
tile_scp,2304,1024,32,64,32,32,0,1,1,4294967295
tile_scp,2336,1024,32,64,32,32,0,1,1,4294967295
tile_scp,2368,1024,32,64,32,32,0,1,1,4294967295
tile_scp,1600,832,128,64,32,32,0,1,1,4294967295
tile_scp,1632,832,128,64,32,32,0,1,1,4294967295
tile_scp,1664,832,128,64,32,32,0,1,1,4294967295
tile_scp,1696,832,128,64,32,32,0,1,1,4294967295
tile_scp,1728,832,128,64,32,32,0,1,1,4294967295
tile_scp,1760,832,128,64,32,32,0,1,1,4294967295
tile_scp,1792,832,128,64,32,32,0,1,1,4294967295
tile_scp,1824,832,128,64,32,32,0,1,1,4294967295
tile_scp,1856,832,128,64,32,32,0,1,1,4294967295
tile_scp,1888,832,128,64,32,32,0,1,1,4294967295
tile_scp,1920,832,128,64,32,32,0,1,1,4294967295
tile_scp,1952,832,128,64,32,32,0,1,1,4294967295
tile_scp,2016,832,128,64,32,32,0,1,1,4294967295
tile_scp,2048,832,128,64,32,32,0,1,1,4294967295
tile_scp,2080,832,128,64,32,32,0,1,1,4294967295
tile_scp,2112,832,128,64,32,32,0,1,1,4294967295
tile_scp,2144,832,128,64,32,32,0,1,1,4294967295
tile_scp,2176,832,128,64,32,32,0,1,1,4294967295
tile_scp,2208,832,128,64,32,32,0,1,1,4294967295
tile_scp,2240,832,128,64,32,32,0,1,1,4294967295
tile_scp,2272,832,128,64,32,32,0,1,1,4294967295
tile_scp,2304,832,128,64,32,32,0,1,1,4294967295
tile_scp,2336,832,128,64,32,32,0,1,1,4294967295
tile_scp,2368,832,128,64,32,32,0,1,1,4294967295
tile_scp,1600,1056,0,96,32,32,0,1,1,4294967295
tile_scp,1632,1056,0,96,32,32,0,1,1,4294967295
tile_scp,1664,1056,0,96,32,32,0,1,1,4294967295
tile_scp,1696,1056,0,96,32,32,0,1,1,4294967295
tile_scp,1728,1056,0,96,32,32,0,1,1,4294967295
tile_scp,1760,1056,0,96,32,32,0,1,1,4294967295
tile_scp,1792,1056,0,96,32,32,0,1,1,4294967295
tile_scp,1824,1056,0,96,32,32,0,1,1,4294967295
tile_scp,1856,1056,0,96,32,32,0,1,1,4294967295
tile_scp,1888,1056,0,96,32,32,0,1,1,4294967295
tile_scp,1920,1056,0,96,32,32,0,1,1,4294967295
tile_scp,1952,1056,0,96,32,32,0,1,1,4294967295
tile_scp,1984,1056,0,96,32,32,0,1,1,4294967295
tile_scp,2016,1056,0,96,32,32,0,1,1,4294967295
tile_scp,2048,1056,0,96,32,32,0,1,1,4294967295
tile_scp,2080,1056,0,96,32,32,0,1,1,4294967295
tile_scp,2112,1056,0,96,32,32,0,1,1,4294967295
tile_scp,2144,1056,0,96,32,32,0,1,1,4294967295
tile_scp,2176,1056,0,96,32,32,0,1,1,4294967295
tile_scp,2208,1056,0,96,32,32,0,1,1,4294967295
tile_scp,2240,1056,0,96,32,32,0,1,1,4294967295
tile_scp,2272,1056,0,96,32,32,0,1,1,4294967295
tile_scp,2304,1056,0,96,32,32,0,1,1,4294967295
tile_scp,2336,1056,0,96,32,32,0,1,1,4294967295
tile_scp,2368,1056,0,96,32,32,0,1,1,4294967295
tile_scp,1600,800,32,96,32,32,0,1,1,4294967295
tile_scp,1632,800,32,96,32,32,0,1,1,4294967295
tile_scp,1664,800,32,96,32,32,0,1,1,4294967295
tile_scp,1696,800,32,96,32,32,0,1,1,4294967295
tile_scp,1728,800,32,96,32,32,0,1,1,4294967295
tile_scp,1760,800,32,96,32,32,0,1,1,4294967295
tile_scp,1792,800,32,96,32,32,0,1,1,4294967295
tile_scp,1824,800,32,96,32,32,0,1,1,4294967295
tile_scp,1856,800,32,96,32,32,0,1,1,4294967295
tile_scp,1888,800,32,96,32,32,0,1,1,4294967295
tile_scp,1920,800,32,96,32,32,0,1,1,4294967295
tile_scp,1952,800,32,96,32,32,0,1,1,4294967295
tile_scp,2016,800,32,96,32,32,0,1,1,4294967295
tile_scp,2048,800,32,96,32,32,0,1,1,4294967295
tile_scp,2080,800,32,96,32,32,0,1,1,4294967295
tile_scp,2112,800,32,96,32,32,0,1,1,4294967295
tile_scp,2144,800,32,96,32,32,0,1,1,4294967295
tile_scp,2176,800,32,96,32,32,0,1,1,4294967295
tile_scp,2208,800,32,96,32,32,0,1,1,4294967295
tile_scp,2240,800,32,96,32,32,0,1,1,4294967295
tile_scp,2272,800,32,96,32,32,0,1,1,4294967295
tile_scp,2304,800,32,96,32,32,0,1,1,4294967295
tile_scp,2336,800,32,96,32,32,0,1,1,4294967295
tile_scp,2368,800,32,96,32,32,0,1,1,4294967295
tile_scp,1600,896,224,0,32,32,0,1,1,4294967295
tile_scp,1632,896,224,0,32,32,0,1,1,4294967295
tile_scp,1664,896,224,0,32,32,0,1,1,4294967295
tile_scp,1696,896,224,0,32,32,0,1,1,4294967295
tile_scp,1728,896,224,0,32,32,0,1,1,4294967295
tile_scp,1760,896,224,0,32,32,0,1,1,4294967295
tile_scp,1792,896,224,0,32,32,0,1,1,4294967295
tile_scp,1824,896,224,0,32,32,0,1,1,4294967295
tile_scp,1856,896,224,0,32,32,0,1,1,4294967295
tile_scp,1952,896,224,0,32,32,0,1,1,4294967295
tile_scp,1984,896,224,0,32,32,0,1,1,4294967295
tile_scp,2144,896,224,0,32,32,0,1,1,4294967295
tile_scp,2176,896,224,0,32,32,0,1,1,4294967295
tile_scp,2240,896,224,0,32,32,0,1,1,4294967295
tile_scp,2272,896,224,0,32,32,0,1,1,4294967295
tile_scp,2304,896,224,0,32,32,0,1,1,4294967295
tile_scp,2336,896,224,0,32,32,0,1,1,4294967295
tile_scp,2368,896,224,0,32,32,0,1,1,4294967295
tile_scp,2112,896,224,0,32,32,0,1,1,4294967295
tile_scp,2080,896,224,0,32,32,0,1,1,4294967295
tile_scp,2368,960,224,0,32,32,0,1,1,4294967295
tile_scp,2336,960,224,0,32,32,0,1,1,4294967295
tile_scp,2304,960,224,0,32,32,0,1,1,4294967295
tile_scp,2272,960,224,0,32,32,0,1,1,4294967295
tile_scp,2240,960,224,0,32,32,0,1,1,4294967295
tile_scp,2176,960,224,0,32,32,0,1,1,4294967295
tile_scp,2144,960,224,0,32,32,0,1,1,4294967295
tile_scp,2112,960,224,0,32,32,0,1,1,4294967295
tile_scp,2080,960,224,0,32,32,0,1,1,4294967295
tile_scp,2048,960,224,0,32,32,0,1,1,4294967295
tile_scp,2016,960,224,0,32,32,0,1,1,4294967295
tile_scp,1984,960,224,0,32,32,0,1,1,4294967295
tile_scp,1952,960,224,0,32,32,0,1,1,4294967295
tile_scp,1920,960,224,0,32,32,0,1,1,4294967295
tile_scp,1888,960,224,0,32,32,0,1,1,4294967295
tile_scp,1856,960,224,0,32,32,0,1,1,4294967295
tile_scp,1824,960,224,0,32,32,0,1,1,4294967295
tile_scp,1760,960,224,0,32,32,0,1,1,4294967295
tile_scp,1728,960,224,0,32,32,0,1,1,4294967295
tile_scp,1696,960,224,0,32,32,0,1,1,4294967295
tile_scp,1664,960,224,0,32,32,0,1,1,4294967295
tile_scp,1632,960,224,0,32,32,0,1,1,4294967295
tile_scp,1600,960,224,0,32,32,0,1,1,4294967295
tile_scp,1600,992,224,32,32,32,0,1,1,4294967295
tile_scp,1632,992,224,32,32,32,0,1,1,4294967295
tile_scp,1664,992,224,32,32,32,0,1,1,4294967295
tile_scp,1696,992,224,32,32,32,0,1,1,4294967295
tile_scp,1728,992,224,32,32,32,0,1,1,4294967295
tile_scp,1760,992,224,32,32,32,0,1,1,4294967295
tile_scp,1824,992,224,32,32,32,0,1,1,4294967295
tile_scp,1856,992,224,32,32,32,0,1,1,4294967295
tile_scp,1888,992,224,32,32,32,0,1,1,4294967295
tile_scp,1920,992,224,32,32,32,0,1,1,4294967295
tile_scp,1952,992,224,32,32,32,0,1,1,4294967295
tile_scp,1984,992,224,32,32,32,0,1,1,4294967295
tile_scp,2016,992,224,32,32,32,0,1,1,4294967295
tile_scp,2048,992,224,32,32,32,0,1,1,4294967295
tile_scp,2080,992,224,32,32,32,0,1,1,4294967295
tile_scp,2112,992,224,32,32,32,0,1,1,4294967295
tile_scp,2144,992,224,32,32,32,0,1,1,4294967295
tile_scp,2176,992,224,32,32,32,0,1,1,4294967295
tile_scp,2208,992,224,32,32,32,0,1,1,4294967295
tile_scp,2240,992,224,32,32,32,0,1,1,4294967295
tile_scp,2272,992,224,32,32,32,0,1,1,4294967295
tile_scp,2304,992,224,32,32,32,0,1,1,4294967295
tile_scp,2336,992,224,32,32,32,0,1,1,4294967295
tile_scp,2368,992,224,32,32,32,0,1,1,4294967295
tile_scp,2368,928,224,32,32,32,0,1,1,4294967295
tile_scp,2336,928,224,32,32,32,0,1,1,4294967295
tile_scp,2304,928,224,32,32,32,0,1,1,4294967295
tile_scp,2272,928,224,32,32,32,0,1,1,4294967295
tile_scp,2240,928,224,32,32,32,0,1,1,4294967295
tile_scp,2176,928,224,32,32,32,0,1,1,4294967295
tile_scp,2144,928,224,32,32,32,0,1,1,4294967295
tile_scp,2112,928,224,32,32,32,0,1,1,4294967295
tile_scp,2080,928,224,32,32,32,0,1,1,4294967295
tile_scp,1984,928,224,32,32,32,0,1,1,4294967295
tile_scp,1952,928,224,32,32,32,0,1,1,4294967295
tile_scp,1600,928,224,32,32,32,0,1,1,4294967295
tile_scp,1632,928,224,32,32,32,0,1,1,4294967295
tile_scp,1664,928,224,32,32,32,0,1,1,4294967295
tile_scp,1696,928,224,32,32,32,0,1,1,4294967295
tile_scp,1728,928,224,32,32,32,0,1,1,4294967295
tile_scp,1760,928,224,32,32,32,0,1,1,4294967295
tile_scp,1792,928,224,32,32,32,0,1,1,4294967295
tile_scp,1824,928,224,32,32,32,0,1,1,4294967295
tile_scp,1856,928,224,32,32,32,0,1,1,4294967295
tile_scp,1600,864,224,32,32,32,0,1,1,4294967295
tile_scp,1632,864,224,32,32,32,0,1,1,4294967295
tile_scp,1664,864,224,32,32,32,0,1,1,4294967295
tile_scp,1696,864,224,32,32,32,0,1,1,4294967295
tile_scp,1728,864,224,32,32,32,0,1,1,4294967295
tile_scp,1760,864,224,32,32,32,0,1,1,4294967295
tile_scp,1792,864,224,32,32,32,0,1,1,4294967295
tile_scp,1824,864,224,32,32,32,0,1,1,4294967295
tile_scp,1856,864,224,32,32,32,0,1,1,4294967295
tile_scp,1888,864,224,32,32,32,0,1,1,4294967295
tile_scp,1920,864,224,32,32,32,0,1,1,4294967295
tile_scp,1952,864,224,32,32,32,0,1,1,4294967295
tile_scp,1984,864,224,32,32,32,0,1,1,4294967295
tile_scp,2048,864,224,32,32,32,0,1,1,4294967295
tile_scp,2080,864,224,32,32,32,0,1,1,4294967295
tile_scp,2112,864,224,32,32,32,0,1,1,4294967295
tile_scp,2144,864,224,32,32,32,0,1,1,4294967295
tile_scp,2176,864,224,32,32,32,0,1,1,4294967295
tile_scp,2208,864,224,32,32,32,0,1,1,4294967295
tile_scp,2240,864,224,32,32,32,0,1,1,4294967295
tile_scp,2272,864,224,32,32,32,0,1,1,4294967295
tile_scp,2304,864,224,32,32,32,0,1,1,4294967295
tile_scp,2336,864,224,32,32,32,0,1,1,4294967295
tile_scp,2368,864,224,32,32,32,0,1,1,4294967295
tile_scp,2400,1024,32,64,32,32,0,1,1,4294967295
tile_scp,2432,1024,32,64,32,32,0,1,1,4294967295
tile_scp,2464,1024,32,64,32,32,0,1,1,4294967295
tile_scp,2496,1024,32,64,32,32,0,1,1,4294967295
tile_scp,2528,1024,32,64,32,32,0,1,1,4294967295
tile_scp,2560,1024,32,64,32,32,0,1,1,4294967295
tile_scp,2592,1024,32,64,32,32,0,1,1,4294967295
tile_scp,2624,1024,32,64,32,32,0,1,1,4294967295
tile_scp,2656,1024,32,64,32,32,0,1,1,4294967295
tile_scp,2688,1024,32,64,32,32,0,1,1,4294967295
tile_scp,2720,1024,32,64,32,32,0,1,1,4294967295
tile_scp,2752,1024,32,64,32,32,0,1,1,4294967295
tile_scp,2784,1024,32,64,32,32,0,1,1,4294967295
tile_scp,2816,1024,32,64,32,32,0,1,1,4294967295
tile_scp,2848,1024,32,64,32,32,0,1,1,4294967295
tile_scp,2880,1024,32,64,32,32,0,1,1,4294967295
tile_scp,2912,1024,32,64,32,32,0,1,1,4294967295
tile_scp,2944,1024,32,64,32,32,0,1,1,4294967295
tile_scp,2976,1024,32,64,32,32,0,1,1,4294967295
tile_scp,3008,1024,32,64,32,32,0,1,1,4294967295
tile_scp,3040,1024,32,64,32,32,0,1,1,4294967295
tile_scp,3072,1024,32,64,32,32,0,1,1,4294967295
tile_scp,3104,1024,32,64,32,32,0,1,1,4294967295
tile_scp,3136,1024,32,64,32,32,0,1,1,4294967295
tile_scp,3168,1024,32,64,32,32,0,1,1,4294967295
tile_scp,2400,832,128,64,32,32,0,1,1,4294967295
tile_scp,2432,832,128,64,32,32,0,1,1,4294967295
tile_scp,2464,832,128,64,32,32,0,1,1,4294967295
tile_scp,2496,832,128,64,32,32,0,1,1,4294967295
tile_scp,2528,832,128,64,32,32,0,1,1,4294967295
tile_scp,2560,832,128,64,32,32,0,1,1,4294967295
tile_scp,2592,832,128,64,32,32,0,1,1,4294967295
tile_scp,2624,832,128,64,32,32,0,1,1,4294967295
tile_scp,2656,832,128,64,32,32,0,1,1,4294967295
tile_scp,2688,832,128,64,32,32,0,1,1,4294967295
tile_scp,2720,832,128,64,32,32,0,1,1,4294967295
tile_scp,2752,832,128,64,32,32,0,1,1,4294967295
tile_scp,2784,832,128,64,32,32,0,1,1,4294967295
tile_scp,2816,832,128,64,32,32,0,1,1,4294967295
tile_scp,2848,832,128,64,32,32,0,1,1,4294967295
tile_scp,2880,832,128,64,32,32,0,1,1,4294967295
tile_scp,2912,832,128,64,32,32,0,1,1,4294967295
tile_scp,2944,832,128,64,32,32,0,1,1,4294967295
tile_scp,2976,832,128,64,32,32,0,1,1,4294967295
tile_scp,3008,832,128,64,32,32,0,1,1,4294967295
tile_scp,3040,832,128,64,32,32,0,1,1,4294967295
tile_scp,3072,832,128,64,32,32,0,1,1,4294967295
tile_scp,3104,832,128,64,32,32,0,1,1,4294967295
tile_scp,3136,832,128,64,32,32,0,1,1,4294967295
tile_scp,3168,832,128,64,32,32,0,1,1,4294967295
tile_scp,2400,1056,0,96,32,32,0,1,1,4294967295
tile_scp,2432,1056,0,96,32,32,0,1,1,4294967295
tile_scp,2464,1056,0,96,32,32,0,1,1,4294967295
tile_scp,2496,1056,0,96,32,32,0,1,1,4294967295
tile_scp,2528,1056,0,96,32,32,0,1,1,4294967295
tile_scp,2560,1056,0,96,32,32,0,1,1,4294967295
tile_scp,2592,1056,0,96,32,32,0,1,1,4294967295
tile_scp,2624,1056,0,96,32,32,0,1,1,4294967295
tile_scp,2656,1056,0,96,32,32,0,1,1,4294967295
tile_scp,2688,1056,0,96,32,32,0,1,1,4294967295
tile_scp,2720,1056,0,96,32,32,0,1,1,4294967295
tile_scp,2752,1056,0,96,32,32,0,1,1,4294967295
tile_scp,2784,1056,0,96,32,32,0,1,1,4294967295
tile_scp,2816,1056,0,96,32,32,0,1,1,4294967295
tile_scp,2848,1056,0,96,32,32,0,1,1,4294967295
tile_scp,2880,1056,0,96,32,32,0,1,1,4294967295
tile_scp,2912,1056,0,96,32,32,0,1,1,4294967295
tile_scp,2944,1056,0,96,32,32,0,1,1,4294967295
tile_scp,2976,1056,0,96,32,32,0,1,1,4294967295
tile_scp,3008,1056,0,96,32,32,0,1,1,4294967295
tile_scp,3040,1056,0,96,32,32,0,1,1,4294967295
tile_scp,3072,1056,0,96,32,32,0,1,1,4294967295
tile_scp,3104,1056,0,96,32,32,0,1,1,4294967295
tile_scp,3136,1056,0,96,32,32,0,1,1,4294967295
tile_scp,3168,1056,0,96,32,32,0,1,1,4294967295
tile_scp,2400,800,32,96,32,32,0,1,1,4294967295
tile_scp,2432,800,32,96,32,32,0,1,1,4294967295
tile_scp,2464,800,32,96,32,32,0,1,1,4294967295
tile_scp,2496,800,32,96,32,32,0,1,1,4294967295
tile_scp,2528,800,32,96,32,32,0,1,1,4294967295
tile_scp,2560,800,32,96,32,32,0,1,1,4294967295
tile_scp,2592,800,32,96,32,32,0,1,1,4294967295
tile_scp,2624,800,32,96,32,32,0,1,1,4294967295
tile_scp,2656,800,32,96,32,32,0,1,1,4294967295
tile_scp,2688,800,32,96,32,32,0,1,1,4294967295
tile_scp,2720,800,32,96,32,32,0,1,1,4294967295
tile_scp,2752,800,32,96,32,32,0,1,1,4294967295
tile_scp,2784,800,32,96,32,32,0,1,1,4294967295
tile_scp,2816,800,32,96,32,32,0,1,1,4294967295
tile_scp,2848,800,32,96,32,32,0,1,1,4294967295
tile_scp,2880,800,32,96,32,32,0,1,1,4294967295
tile_scp,2912,800,32,96,32,32,0,1,1,4294967295
tile_scp,2944,800,32,96,32,32,0,1,1,4294967295
tile_scp,2976,800,32,96,32,32,0,1,1,4294967295
tile_scp,3008,800,32,96,32,32,0,1,1,4294967295
tile_scp,3040,800,32,96,32,32,0,1,1,4294967295
tile_scp,3072,800,32,96,32,32,0,1,1,4294967295
tile_scp,3104,800,32,96,32,32,0,1,1,4294967295
tile_scp,3136,800,32,96,32,32,0,1,1,4294967295
tile_scp,3168,800,32,96,32,32,0,1,1,4294967295
tile_scp,2400,896,224,0,32,32,0,1,1,4294967295
tile_scp,2432,896,224,0,32,32,0,1,1,4294967295
tile_scp,2464,896,224,0,32,32,0,1,1,4294967295
tile_scp,2496,896,224,0,32,32,0,1,1,4294967295
tile_scp,2528,896,224,0,32,32,0,1,1,4294967295
tile_scp,2560,896,224,0,32,32,0,1,1,4294967295
tile_scp,2592,896,224,0,32,32,0,1,1,4294967295
tile_scp,2624,896,224,0,32,32,0,1,1,4294967295
tile_scp,2656,896,224,0,32,32,0,1,1,4294967295
tile_scp,2688,896,224,0,32,32,0,1,1,4294967295
tile_scp,2752,896,224,0,32,32,0,1,1,4294967295
tile_scp,2784,896,224,0,32,32,0,1,1,4294967295
tile_scp,2816,896,224,0,32,32,0,1,1,4294967295
tile_scp,2848,896,224,0,32,32,0,1,1,4294967295
tile_scp,2944,896,224,0,32,32,0,1,1,4294967295
tile_scp,2976,896,224,0,32,32,0,1,1,4294967295
tile_scp,3008,896,224,0,32,32,0,1,1,4294967295
tile_scp,3040,896,224,0,32,32,0,1,1,4294967295
tile_scp,3072,896,224,0,32,32,0,1,1,4294967295
tile_scp,3104,896,224,0,32,32,0,1,1,4294967295
tile_scp,3136,896,224,0,32,32,0,1,1,4294967295
tile_scp,3168,896,224,0,32,32,0,1,1,4294967295
tile_scp,2912,896,224,0,32,32,0,1,1,4294967295
tile_scp,2880,896,224,0,32,32,0,1,1,4294967295
tile_scp,3168,960,224,0,32,32,0,1,1,4294967295
tile_scp,3136,960,224,0,32,32,0,1,1,4294967295
tile_scp,3104,960,224,0,32,32,0,1,1,4294967295
tile_scp,3072,960,224,0,32,32,0,1,1,4294967295
tile_scp,3040,960,224,0,32,32,0,1,1,4294967295
tile_scp,3008,960,224,0,32,32,0,1,1,4294967295
tile_scp,2944,960,224,0,32,32,0,1,1,4294967295
tile_scp,2912,960,224,0,32,32,0,1,1,4294967295
tile_scp,2880,960,224,0,32,32,0,1,1,4294967295
tile_scp,2848,960,224,0,32,32,0,1,1,4294967295
tile_scp,2816,960,224,0,32,32,0,1,1,4294967295
tile_scp,2784,960,224,0,32,32,0,1,1,4294967295
tile_scp,2752,960,224,0,32,32,0,1,1,4294967295
tile_scp,2720,960,224,0,32,32,0,1,1,4294967295
tile_scp,2688,960,224,0,32,32,0,1,1,4294967295
tile_scp,2656,960,224,0,32,32,0,1,1,4294967295
tile_scp,2624,960,224,0,32,32,0,1,1,4294967295
tile_scp,2560,960,224,0,32,32,0,1,1,4294967295
tile_scp,2528,960,224,0,32,32,0,1,1,4294967295
tile_scp,2496,960,224,0,32,32,0,1,1,4294967295
tile_scp,2464,960,224,0,32,32,0,1,1,4294967295
tile_scp,2432,960,224,0,32,32,0,1,1,4294967295
tile_scp,2400,960,224,0,32,32,0,1,1,4294967295
tile_scp,2400,992,224,32,32,32,0,1,1,4294967295
tile_scp,2432,992,224,32,32,32,0,1,1,4294967295
tile_scp,2464,992,224,32,32,32,0,1,1,4294967295
tile_scp,2496,992,224,32,32,32,0,1,1,4294967295
tile_scp,2528,992,224,32,32,32,0,1,1,4294967295
tile_scp,2560,992,224,32,32,32,0,1,1,4294967295
tile_scp,2624,992,224,32,32,32,0,1,1,4294967295
tile_scp,2656,992,224,32,32,32,0,1,1,4294967295
tile_scp,2688,992,224,32,32,32,0,1,1,4294967295
tile_scp,2720,992,224,32,32,32,0,1,1,4294967295
tile_scp,2752,992,224,32,32,32,0,1,1,4294967295
tile_scp,2784,992,224,32,32,32,0,1,1,4294967295
tile_scp,2816,992,224,32,32,32,0,1,1,4294967295
tile_scp,2848,992,224,32,32,32,0,1,1,4294967295
tile_scp,2880,992,224,32,32,32,0,1,1,4294967295
tile_scp,2912,992,224,32,32,32,0,1,1,4294967295
tile_scp,2944,992,224,32,32,32,0,1,1,4294967295
tile_scp,3008,992,224,32,32,32,0,1,1,4294967295
tile_scp,3040,992,224,32,32,32,0,1,1,4294967295
tile_scp,3072,992,224,32,32,32,0,1,1,4294967295
tile_scp,3104,992,224,32,32,32,0,1,1,4294967295
tile_scp,3136,992,224,32,32,32,0,1,1,4294967295
tile_scp,3168,992,224,32,32,32,0,1,1,4294967295
tile_scp,3168,928,224,32,32,32,0,1,1,4294967295
tile_scp,3136,928,224,32,32,32,0,1,1,4294967295
tile_scp,3104,928,224,32,32,32,0,1,1,4294967295
tile_scp,3072,928,224,32,32,32,0,1,1,4294967295
tile_scp,3040,928,224,32,32,32,0,1,1,4294967295
tile_scp,3008,928,224,32,32,32,0,1,1,4294967295
tile_scp,2976,928,224,32,32,32,0,1,1,4294967295
tile_scp,2944,928,224,32,32,32,0,1,1,4294967295
tile_scp,2912,928,224,32,32,32,0,1,1,4294967295
tile_scp,2880,928,224,32,32,32,0,1,1,4294967295
tile_scp,2848,928,224,32,32,32,0,1,1,4294967295
tile_scp,2816,928,224,32,32,32,0,1,1,4294967295
tile_scp,2784,928,224,32,32,32,0,1,1,4294967295
tile_scp,2752,928,224,32,32,32,0,1,1,4294967295
tile_scp,2688,928,224,32,32,32,0,1,1,4294967295
tile_scp,2400,928,224,32,32,32,0,1,1,4294967295
tile_scp,2432,928,224,32,32,32,0,1,1,4294967295
tile_scp,2464,928,224,32,32,32,0,1,1,4294967295
tile_scp,2496,928,224,32,32,32,0,1,1,4294967295
tile_scp,2528,928,224,32,32,32,0,1,1,4294967295
tile_scp,2560,928,224,32,32,32,0,1,1,4294967295
tile_scp,2592,928,224,32,32,32,0,1,1,4294967295
tile_scp,2624,928,224,32,32,32,0,1,1,4294967295
tile_scp,2656,928,224,32,32,32,0,1,1,4294967295
tile_scp,2400,864,224,32,32,32,0,1,1,4294967295
tile_scp,2432,864,224,32,32,32,0,1,1,4294967295
tile_scp,2464,864,224,32,32,32,0,1,1,4294967295
tile_scp,2496,864,224,32,32,32,0,1,1,4294967295
tile_scp,2528,864,224,32,32,32,0,1,1,4294967295
tile_scp,2560,864,224,32,32,32,0,1,1,4294967295
tile_scp,2592,864,224,32,32,32,0,1,1,4294967295
tile_scp,2624,864,224,32,32,32,0,1,1,4294967295
tile_scp,2656,864,224,32,32,32,0,1,1,4294967295
tile_scp,2688,864,224,32,32,32,0,1,1,4294967295
tile_scp,2720,864,224,32,32,32,0,1,1,4294967295
tile_scp,2752,864,224,32,32,32,0,1,1,4294967295
tile_scp,2784,864,224,32,32,32,0,1,1,4294967295
tile_scp,2816,864,224,32,32,32,0,1,1,4294967295
tile_scp,2848,864,224,32,32,32,0,1,1,4294967295
tile_scp,2880,864,224,32,32,32,0,1,1,4294967295
tile_scp,2912,864,224,32,32,32,0,1,1,4294967295
tile_scp,2944,864,224,32,32,32,0,1,1,4294967295
tile_scp,2976,864,224,32,32,32,0,1,1,4294967295
tile_scp,3008,864,224,32,32,32,0,1,1,4294967295
tile_scp,3040,864,224,32,32,32,0,1,1,4294967295
tile_scp,3072,864,224,32,32,32,0,1,1,4294967295
tile_scp,3104,864,224,32,32,32,0,1,1,4294967295
tile_scp,3136,864,224,32,32,32,0,1,1,4294967295
tile_scp,3168,864,224,32,32,32,0,1,1,4294967295
tile_scp,224,960,160,0,32,32,0,1,1,4294967295
tile_scp,224,992,160,32,32,32,0,1,1,4294967295
tile_scp,576,960,64,0,32,32,0,1,1,4294967295
tile_scp,576,992,64,32,32,32,0,1,1,4294967295
tile_scp,224,928,224,32,32,32,0,1,1,4294967295
tile_scp,576,928,224,32,32,32,0,1,1,4294967295
tile_scp,320,896,64,0,32,32,0,1,1,4294967295
tile_scp,320,928,64,32,32,32,0,1,1,4294967295
tile_scp,64,864,32,32,32,32,0,1,1,4294967295
tile_scp,64,896,32,0,32,32,0,1,1,4294967295
tile_scp,992,960,96,0,32,32,0,1,1,4294967295
tile_scp,992,992,96,32,32,32,0,1,1,4294967295
tile_scp,1024,960,128,0,32,32,0,1,1,4294967295
tile_scp,1024,992,128,32,32,32,0,1,1,4294967295
tile_scp,864,896,0,0,32,32,0,1,1,4294967295
tile_scp,864,928,0,32,32,32,0,1,1,4294967295
tile_scp,1376,960,160,0,32,32,0,1,1,4294967295
tile_scp,1376,992,160,32,32,32,0,1,1,4294967295
tile_vent,1984,832,32,0,32,32,0,1,1,4294967295
tile_vent,1984,768,32,64,32,32,0,1,1,4294967295
tile_vent,1984,800,32,0,32,32,0,1,1,4294967295
tile_vent,2016,768,0,0,32,32,0,1,1,4294967295
tile_vent,2048,768,0,0,32,32,0,1,1,4294967295
tile_vent,2080,768,0,0,32,32,0,1,1,4294967295
tile_vent,2112,768,0,0,32,32,0,1,1,4294967295
tile_vent,2144,768,0,0,32,32,0,1,1,4294967295
tile_vent,2176,768,0,0,32,32,0,1,1,4294967295
tile_vent,2240,768,0,0,32,32,0,1,1,4294967295
tile_vent,2208,768,0,0,32,32,0,1,1,4294967295
tile_vent,2272,768,0,0,32,32,0,1,1,4294967295
tile_scp,2016,896,96,0,32,32,0,1,1,4294967295
tile_scp,2016,864,224,32,32,32,0,1,1,4294967295
tile_scp,2048,896,128,0,32,32,0,1,1,4294967295
tile_scp,2016,928,96,32,32,32,0,1,1,4294967295
tile_scp,2048,928,128,32,32,32,0,1,1,4294967295
tile_scp,1920,928,128,32,32,32,0,1,1,4294967295
tile_scp,1888,928,96,32,32,32,0,1,1,4294967295
tile_scp,1920,896,128,0,32,32,0,1,1,4294967295
tile_scp,1888,896,96,0,32,32,0,1,1,4294967295
tile_scp,1792,960,192,0,32,32,0,1,1,4294967295
tile_scp,1792,992,192,32,32,32,0,1,1,4294967295
tile_scp,2208,928,192,32,32,32,0,1,1,4294967295
tile_scp,2208,960,224,0,32,32,0,1,1,4294967295
tile_scp,2208,896,192,0,32,32,0,1,1,4294967295
tile_scp,2592,960,64,0,32,32,0,1,1,4294967295
tile_scp,2592,992,64,32,32,32,0,1,1,4294967295
tile_scp,2720,928,64,32,32,32,0,1,1,4294967295
tile_scp,2720,896,64,0,32,32,0,1,1,4294967295
tile_scp,2976,960,64,0,32,32,0,1,1,4294967295
tile_scp,2976,992,64,32,32,32,0,1,1,4294967295
tile_scp,192,416,32,64,32,32,0,1,1,4294967295
tile_scp,224,416,32,64,32,32,0,1,1,4294967295
tile_scp,256,416,32,64,32,32,0,1,1,4294967295
tile_scp,288,416,32,64,32,32,0,1,1,4294967295
tile_scp,352,416,32,64,32,32,0,1,1,4294967295
tile_scp,384,416,32,64,32,32,0,1,1,4294967295
tile_scp,416,416,32,64,32,32,0,1,1,4294967295
tile_scp,448,416,32,64,32,32,0,1,1,4294967295
tile_scp,480,416,32,64,32,32,0,1,1,4294967295
tile_scp,512,416,32,64,32,32,0,1,1,4294967295
tile_scp,320,416,32,64,32,32,0,1,1,4294967295
tile_scp,160,416,0,64,32,32,0,1,1,4294967295
tile_scp,544,416,64,64,32,32,0,1,1,4294967295
tile_scp,160,384,192,64,32,32,0,1,1,4294967295
tile_scp,160,352,192,64,32,32,0,1,1,4294967295
tile_scp,160,320,192,64,32,32,0,1,1,4294967295
tile_scp,160,288,192,64,32,32,0,1,1,4294967295
tile_scp,160,256,192,64,32,32,0,1,1,4294967295
tile_scp,160,224,192,64,32,32,0,1,1,4294967295
tile_scp,544,384,192,64,32,32,0,1,1,4294967295
tile_scp,544,352,192,64,32,32,0,1,1,4294967295
tile_scp,544,320,192,64,32,32,0,1,1,4294967295
tile_scp,544,288,192,64,32,32,0,1,1,4294967295
tile_scp,544,256,192,64,32,32,0,1,1,4294967295
tile_scp,544,224,192,64,32,32,0,1,1,4294967295
tile_scp,512,224,192,64,32,32,0,1,1,4294967295
tile_scp,384,224,192,64,32,32,0,1,1,4294967295
tile_scp,352,224,192,64,32,32,0,1,1,4294967295
tile_scp,320,224,192,64,32,32,0,1,1,4294967295
tile_scp,288,224,192,64,32,32,0,1,1,4294967295
tile_scp,256,224,192,64,32,32,0,1,1,4294967295
tile_scp,224,224,192,64,32,32,0,1,1,4294967295
tile_scp,192,224,192,64,32,32,0,1,1,4294967295
tile_scp,416,224,192,64,32,32,0,1,1,4294967295
tile_scp,448,224,192,64,32,32,0,1,1,4294967295
tile_scp,480,224,192,64,32,32,0,1,1,4294967295
tile_scp,128,416,96,96,32,32,0,1,1,4294967295
tile_scp,128,384,96,96,32,32,0,1,1,4294967295
tile_scp,128,352,96,96,32,32,0,1,1,4294967295
tile_scp,128,320,96,96,32,32,0,1,1,4294967295
tile_scp,128,288,96,96,32,32,0,1,1,4294967295
tile_scp,128,256,96,96,32,32,0,1,1,4294967295
tile_scp,128,224,96,96,32,32,0,1,1,4294967295
tile_scp,160,192,32,96,32,32,0,1,1,4294967295
tile_scp,192,192,32,96,32,32,0,1,1,4294967295
tile_scp,224,192,32,96,32,32,0,1,1,4294967295
tile_scp,256,192,32,96,32,32,0,1,1,4294967295
tile_scp,288,192,32,96,32,32,0,1,1,4294967295
tile_scp,320,192,32,96,32,32,0,1,1,4294967295
tile_scp,544,192,32,96,32,32,0,1,1,4294967295
tile_scp,512,192,32,96,32,32,0,1,1,4294967295
tile_scp,480,192,32,96,32,32,0,1,1,4294967295
tile_scp,448,192,32,96,32,32,0,1,1,4294967295
tile_scp,416,192,32,96,32,32,0,1,1,4294967295
tile_scp,384,192,32,96,32,32,0,1,1,4294967295
tile_scp,352,192,32,96,32,32,0,1,1,4294967295
tile_scp,160,448,0,96,32,32,0,1,1,4294967295
tile_scp,192,448,0,96,32,32,0,1,1,4294967295
tile_scp,224,448,0,96,32,32,0,1,1,4294967295
tile_scp,256,448,0,96,32,32,0,1,1,4294967295
tile_scp,288,448,0,96,32,32,0,1,1,4294967295
tile_scp,320,448,0,96,32,32,0,1,1,4294967295
tile_scp,352,448,0,96,32,32,0,1,1,4294967295
tile_scp,384,448,0,96,32,32,0,1,1,4294967295
tile_scp,416,448,0,96,32,32,0,1,1,4294967295
tile_scp,448,448,0,96,32,32,0,1,1,4294967295
tile_scp,480,448,0,96,32,32,0,1,1,4294967295
tile_scp,512,448,0,96,32,32,0,1,1,4294967295
tile_scp,544,448,0,96,32,32,0,1,1,4294967295
tile_scp,576,416,64,96,32,32,0,1,1,4294967295
tile_scp,576,384,64,96,32,32,0,1,1,4294967295
tile_scp,576,352,64,96,32,32,0,1,1,4294967295
tile_scp,576,320,64,96,32,32,0,1,1,4294967295
tile_scp,576,288,64,96,32,32,0,1,1,4294967295
tile_scp,576,256,64,96,32,32,0,1,1,4294967295
tile_scp,576,224,64,96,32,32,0,1,1,4294967295
tile_scp,128,448,160,96,32,32,0,1,1,4294967295
tile_scp,576,192,192,96,32,32,0,1,1,4294967295
tile_scp,576,448,128,96,32,32,0,1,1,4294967295
tile_scp,128,192,224,96,32,32,0,1,1,4294967295
tile_scp,192,256,224,0,32,32,0,1,1,4294967295
tile_scp,224,256,224,0,32,32,0,1,1,4294967295
tile_scp,256,256,224,0,32,32,0,1,1,4294967295
tile_scp,288,256,224,0,32,32,0,1,1,4294967295
tile_scp,320,256,224,0,32,32,0,1,1,4294967295
tile_scp,352,256,224,0,32,32,0,1,1,4294967295
tile_scp,384,256,224,0,32,32,0,1,1,4294967295
tile_scp,416,256,224,0,32,32,0,1,1,4294967295
tile_scp,480,256,224,0,32,32,0,1,1,4294967295
tile_scp,512,256,224,0,32,32,0,1,1,4294967295
tile_scp,480,320,224,0,32,32,0,1,1,4294967295
tile_scp,448,320,224,0,32,32,0,1,1,4294967295
tile_scp,416,320,224,0,32,32,0,1,1,4294967295
tile_scp,384,320,224,0,32,32,0,1,1,4294967295
tile_scp,352,320,224,0,32,32,0,1,1,4294967295
tile_scp,320,320,224,0,32,32,0,1,1,4294967295
tile_scp,288,320,224,0,32,32,0,1,1,4294967295
tile_scp,224,320,224,0,32,32,0,1,1,4294967295
tile_scp,192,320,224,0,32,32,0,1,1,4294967295
tile_scp,512,320,224,0,32,32,0,1,1,4294967295
tile_scp,512,384,224,0,32,32,0,1,1,4294967295
tile_scp,480,384,224,0,32,32,0,1,1,4294967295
tile_scp,448,384,224,0,32,32,0,1,1,4294967295
tile_scp,416,384,224,0,32,32,0,1,1,4294967295
tile_scp,384,384,224,0,32,32,0,1,1,4294967295
tile_scp,352,384,224,0,32,32,0,1,1,4294967295
tile_scp,320,384,224,0,32,32,0,1,1,4294967295
tile_scp,288,384,224,0,32,32,0,1,1,4294967295
tile_scp,256,384,224,0,32,32,0,1,1,4294967295
tile_scp,224,384,224,0,32,32,0,1,1,4294967295
tile_scp,192,384,224,0,32,32,0,1,1,4294967295
tile_scp,192,352,224,32,32,32,0,1,1,4294967295
tile_scp,224,352,224,32,32,32,0,1,1,4294967295
tile_scp,288,352,224,32,32,32,0,1,1,4294967295
tile_scp,320,352,224,32,32,32,0,1,1,4294967295
tile_scp,352,352,224,32,32,32,0,1,1,4294967295
tile_scp,384,352,224,32,32,32,0,1,1,4294967295
tile_scp,416,352,224,32,32,32,0,1,1,4294967295
tile_scp,448,352,224,32,32,32,0,1,1,4294967295
tile_scp,480,352,224,32,32,32,0,1,1,4294967295
tile_scp,512,352,224,32,32,32,0,1,1,4294967295
tile_scp,512,288,224,32,32,32,0,1,1,4294967295
tile_scp,480,288,224,32,32,32,0,1,1,4294967295
tile_scp,416,288,224,32,32,32,0,1,1,4294967295
tile_scp,384,288,224,32,32,32,0,1,1,4294967295
tile_scp,352,288,224,32,32,32,0,1,1,4294967295
tile_scp,320,288,224,32,32,32,0,1,1,4294967295
tile_scp,288,288,224,32,32,32,0,1,1,4294967295
tile_scp,256,288,224,32,32,32,0,1,1,4294967295
tile_scp,224,288,224,32,32,32,0,1,1,4294967295
tile_scp,192,288,224,32,32,32,0,1,1,4294967295
tile_scp,1024,416,32,64,32,32,0,1,1,4294967295
tile_scp,1056,416,32,64,32,32,0,1,1,4294967295
tile_scp,1088,416,32,64,32,32,0,1,1,4294967295
tile_scp,1120,416,32,64,32,32,0,1,1,4294967295
tile_scp,1184,416,32,64,32,32,0,1,1,4294967295
tile_scp,1216,416,32,64,32,32,0,1,1,4294967295
tile_scp,1248,416,32,64,32,32,0,1,1,4294967295
tile_scp,1280,416,32,64,32,32,0,1,1,4294967295
tile_scp,1312,416,32,64,32,32,0,1,1,4294967295
tile_scp,1344,416,32,64,32,32,0,1,1,4294967295
tile_scp,1152,416,32,64,32,32,0,1,1,4294967295
tile_scp,992,416,0,64,32,32,0,1,1,4294967295
tile_scp,1376,416,64,64,32,32,0,1,1,4294967295
tile_scp,992,384,192,64,32,32,0,1,1,4294967295
tile_scp,992,352,192,64,32,32,0,1,1,4294967295
tile_scp,992,320,192,64,32,32,0,1,1,4294967295
tile_scp,992,288,192,64,32,32,0,1,1,4294967295
tile_scp,992,256,192,64,32,32,0,1,1,4294967295
tile_scp,992,224,192,64,32,32,0,1,1,4294967295
tile_scp,1376,384,192,64,32,32,0,1,1,4294967295
tile_scp,1376,352,192,64,32,32,0,1,1,4294967295
tile_scp,1376,320,192,64,32,32,0,1,1,4294967295
tile_scp,1376,288,192,64,32,32,0,1,1,4294967295
tile_scp,1376,256,192,64,32,32,0,1,1,4294967295
tile_scp,1376,224,192,64,32,32,0,1,1,4294967295
tile_scp,1344,224,192,64,32,32,0,1,1,4294967295
tile_scp,1216,224,192,64,32,32,0,1,1,4294967295
tile_scp,1184,224,192,64,32,32,0,1,1,4294967295
tile_scp,1152,224,192,64,32,32,0,1,1,4294967295
tile_scp,1120,224,192,64,32,32,0,1,1,4294967295
tile_scp,1088,224,192,64,32,32,0,1,1,4294967295
tile_scp,1056,224,192,64,32,32,0,1,1,4294967295
tile_scp,1024,224,192,64,32,32,0,1,1,4294967295
tile_scp,1248,224,192,64,32,32,0,1,1,4294967295
tile_scp,1280,224,192,64,32,32,0,1,1,4294967295
tile_scp,1312,224,192,64,32,32,0,1,1,4294967295
tile_scp,960,416,96,96,32,32,0,1,1,4294967295
tile_scp,960,384,96,96,32,32,0,1,1,4294967295
tile_scp,960,352,96,96,32,32,0,1,1,4294967295
tile_scp,960,320,96,96,32,32,0,1,1,4294967295
tile_scp,960,288,96,96,32,32,0,1,1,4294967295
tile_scp,960,256,96,96,32,32,0,1,1,4294967295
tile_scp,960,224,96,96,32,32,0,1,1,4294967295
tile_scp,992,192,32,96,32,32,0,1,1,4294967295
tile_scp,1024,192,32,96,32,32,0,1,1,4294967295
tile_scp,1056,192,32,96,32,32,0,1,1,4294967295
tile_scp,1088,192,32,96,32,32,0,1,1,4294967295
tile_scp,1120,192,32,96,32,32,0,1,1,4294967295
tile_scp,1152,192,32,96,32,32,0,1,1,4294967295
tile_scp,1376,192,32,96,32,32,0,1,1,4294967295
tile_scp,1344,192,32,96,32,32,0,1,1,4294967295
tile_scp,1312,192,32,96,32,32,0,1,1,4294967295
tile_scp,1280,192,32,96,32,32,0,1,1,4294967295
tile_scp,1248,192,32,96,32,32,0,1,1,4294967295
tile_scp,1216,192,32,96,32,32,0,1,1,4294967295
tile_scp,1184,192,32,96,32,32,0,1,1,4294967295
tile_scp,992,448,0,96,32,32,0,1,1,4294967295
tile_scp,1024,448,0,96,32,32,0,1,1,4294967295
tile_scp,1056,448,0,96,32,32,0,1,1,4294967295
tile_scp,1088,448,0,96,32,32,0,1,1,4294967295
tile_scp,1120,448,0,96,32,32,0,1,1,4294967295
tile_scp,1152,448,0,96,32,32,0,1,1,4294967295
tile_scp,1184,448,0,96,32,32,0,1,1,4294967295
tile_scp,1216,448,0,96,32,32,0,1,1,4294967295
tile_scp,1248,448,0,96,32,32,0,1,1,4294967295
tile_scp,1280,448,0,96,32,32,0,1,1,4294967295
tile_scp,1312,448,0,96,32,32,0,1,1,4294967295
tile_scp,1344,448,0,96,32,32,0,1,1,4294967295
tile_scp,1376,448,0,96,32,32,0,1,1,4294967295
tile_scp,1408,416,64,96,32,32,0,1,1,4294967295
tile_scp,1408,384,64,96,32,32,0,1,1,4294967295
tile_scp,1408,352,64,96,32,32,0,1,1,4294967295
tile_scp,1408,320,64,96,32,32,0,1,1,4294967295
tile_scp,1408,288,64,96,32,32,0,1,1,4294967295
tile_scp,1408,256,64,96,32,32,0,1,1,4294967295
tile_scp,1408,224,64,96,32,32,0,1,1,4294967295
tile_scp,960,448,160,96,32,32,0,1,1,4294967295
tile_scp,1408,192,192,96,32,32,0,1,1,4294967295
tile_scp,1408,448,128,96,32,32,0,1,1,4294967295
tile_scp,960,192,224,96,32,32,0,1,1,4294967295
tile_scp,1024,256,224,0,32,32,0,1,1,4294967295
tile_scp,1056,256,224,0,32,32,0,1,1,4294967295
tile_scp,1088,256,224,0,32,32,0,1,1,4294967295
tile_scp,1120,256,224,0,32,32,0,1,1,4294967295
tile_scp,1152,256,224,0,32,32,0,1,1,4294967295
tile_scp,1184,256,224,0,32,32,0,1,1,4294967295
tile_scp,1216,256,224,0,32,32,0,1,1,4294967295
tile_scp,1248,256,224,0,32,32,0,1,1,4294967295
tile_scp,1280,256,224,0,32,32,0,1,1,4294967295
tile_scp,1312,256,224,0,32,32,0,1,1,4294967295
tile_scp,1344,256,224,0,32,32,0,1,1,4294967295
tile_scp,1312,320,224,0,32,32,0,1,1,4294967295
tile_scp,1248,320,224,0,32,32,0,1,1,4294967295
tile_scp,1216,320,224,0,32,32,0,1,1,4294967295
tile_scp,1184,320,224,0,32,32,0,1,1,4294967295
tile_scp,1152,320,224,0,32,32,0,1,1,4294967295
tile_scp,1120,320,224,0,32,32,0,1,1,4294967295
tile_scp,1056,320,224,0,32,32,0,1,1,4294967295
tile_scp,1024,320,224,0,32,32,0,1,1,4294967295
tile_scp,1344,320,224,0,32,32,0,1,1,4294967295
tile_scp,1344,384,224,0,32,32,0,1,1,4294967295
tile_scp,1312,384,224,0,32,32,0,1,1,4294967295
tile_scp,1280,384,224,0,32,32,0,1,1,4294967295
tile_scp,1248,384,224,0,32,32,0,1,1,4294967295
tile_scp,1216,384,224,0,32,32,0,1,1,4294967295
tile_scp,1184,384,224,0,32,32,0,1,1,4294967295
tile_scp,1152,384,224,0,32,32,0,1,1,4294967295
tile_scp,1120,384,224,0,32,32,0,1,1,4294967295
tile_scp,1088,384,224,0,32,32,0,1,1,4294967295
tile_scp,1056,384,224,0,32,32,0,1,1,4294967295
tile_scp,1024,384,224,0,32,32,0,1,1,4294967295
tile_scp,1024,352,224,32,32,32,0,1,1,4294967295
tile_scp,1056,352,224,32,32,32,0,1,1,4294967295
tile_scp,1120,352,224,32,32,32,0,1,1,4294967295
tile_scp,1152,352,224,32,32,32,0,1,1,4294967295
tile_scp,1184,352,224,32,32,32,0,1,1,4294967295
tile_scp,1216,352,224,32,32,32,0,1,1,4294967295
tile_scp,1248,352,224,32,32,32,0,1,1,4294967295
tile_scp,1312,352,224,32,32,32,0,1,1,4294967295
tile_scp,1344,352,224,32,32,32,0,1,1,4294967295
tile_scp,1344,288,224,32,32,32,0,1,1,4294967295
tile_scp,1312,288,224,32,32,32,0,1,1,4294967295
tile_scp,1280,288,224,32,32,32,0,1,1,4294967295
tile_scp,1248,288,224,32,32,32,0,1,1,4294967295
tile_scp,1216,288,224,32,32,32,0,1,1,4294967295
tile_scp,1184,288,224,32,32,32,0,1,1,4294967295
tile_scp,1152,288,224,32,32,32,0,1,1,4294967295
tile_scp,1120,288,224,32,32,32,0,1,1,4294967295
tile_scp,1088,288,224,32,32,32,0,1,1,4294967295
tile_scp,1056,288,224,32,32,32,0,1,1,4294967295
tile_scp,1024,288,224,32,32,32,0,1,1,4294967295
tile_scp,1856,416,32,64,32,32,0,1,1,4294967295
tile_scp,1888,416,32,64,32,32,0,1,1,4294967295
tile_scp,1920,416,32,64,32,32,0,1,1,4294967295
tile_scp,1952,416,32,64,32,32,0,1,1,4294967295
tile_scp,2016,416,32,64,32,32,0,1,1,4294967295
tile_scp,2048,416,32,64,32,32,0,1,1,4294967295
tile_scp,2080,416,32,64,32,32,0,1,1,4294967295
tile_scp,2112,416,32,64,32,32,0,1,1,4294967295
tile_scp,2144,416,32,64,32,32,0,1,1,4294967295
tile_scp,2176,416,32,64,32,32,0,1,1,4294967295
tile_scp,1984,416,32,64,32,32,0,1,1,4294967295
tile_scp,1824,416,0,64,32,32,0,1,1,4294967295
tile_scp,2208,416,64,64,32,32,0,1,1,4294967295
tile_scp,1824,384,192,64,32,32,0,1,1,4294967295
tile_scp,1824,352,192,64,32,32,0,1,1,4294967295
tile_scp,1824,320,192,64,32,32,0,1,1,4294967295
tile_scp,1824,288,192,64,32,32,0,1,1,4294967295
tile_scp,1824,256,192,64,32,32,0,1,1,4294967295
tile_scp,1824,224,192,64,32,32,0,1,1,4294967295
tile_scp,2208,384,192,64,32,32,0,1,1,4294967295
tile_scp,2208,352,192,64,32,32,0,1,1,4294967295
tile_scp,2208,320,192,64,32,32,0,1,1,4294967295
tile_scp,2208,288,192,64,32,32,0,1,1,4294967295
tile_scp,2208,256,192,64,32,32,0,1,1,4294967295
tile_scp,2208,224,192,64,32,32,0,1,1,4294967295
tile_scp,2176,224,192,64,32,32,0,1,1,4294967295
tile_scp,2048,224,192,64,32,32,0,1,1,4294967295
tile_scp,2016,224,192,64,32,32,0,1,1,4294967295
tile_scp,1984,224,192,64,32,32,0,1,1,4294967295
tile_scp,1952,224,192,64,32,32,0,1,1,4294967295
tile_scp,1920,224,192,64,32,32,0,1,1,4294967295
tile_scp,1888,224,192,64,32,32,0,1,1,4294967295
tile_scp,1856,224,192,64,32,32,0,1,1,4294967295
tile_scp,2080,224,192,64,32,32,0,1,1,4294967295
tile_scp,2112,224,192,64,32,32,0,1,1,4294967295
tile_scp,2144,224,192,64,32,32,0,1,1,4294967295
tile_scp,1792,416,96,96,32,32,0,1,1,4294967295
tile_scp,1792,384,96,96,32,32,0,1,1,4294967295
tile_scp,1792,352,96,96,32,32,0,1,1,4294967295
tile_scp,1792,320,96,96,32,32,0,1,1,4294967295
tile_scp,1792,288,96,96,32,32,0,1,1,4294967295
tile_scp,1792,256,96,96,32,32,0,1,1,4294967295
tile_scp,1792,224,96,96,32,32,0,1,1,4294967295
tile_scp,1824,192,32,96,32,32,0,1,1,4294967295
tile_scp,1856,192,32,96,32,32,0,1,1,4294967295
tile_scp,1888,192,32,96,32,32,0,1,1,4294967295
tile_scp,1920,192,32,96,32,32,0,1,1,4294967295
tile_scp,1952,192,32,96,32,32,0,1,1,4294967295
tile_scp,1984,192,32,96,32,32,0,1,1,4294967295
tile_scp,2208,192,32,96,32,32,0,1,1,4294967295
tile_scp,2176,192,32,96,32,32,0,1,1,4294967295
tile_scp,2144,192,32,96,32,32,0,1,1,4294967295
tile_scp,2112,192,32,96,32,32,0,1,1,4294967295
tile_scp,2080,192,32,96,32,32,0,1,1,4294967295
tile_scp,2048,192,32,96,32,32,0,1,1,4294967295
tile_scp,2016,192,32,96,32,32,0,1,1,4294967295
tile_scp,1824,448,0,96,32,32,0,1,1,4294967295
tile_scp,1856,448,0,96,32,32,0,1,1,4294967295
tile_scp,1888,448,0,96,32,32,0,1,1,4294967295
tile_scp,1920,448,0,96,32,32,0,1,1,4294967295
tile_scp,1952,448,0,96,32,32,0,1,1,4294967295
tile_scp,1984,448,0,96,32,32,0,1,1,4294967295
tile_scp,2016,448,0,96,32,32,0,1,1,4294967295
tile_scp,2048,448,0,96,32,32,0,1,1,4294967295
tile_scp,2080,448,0,96,32,32,0,1,1,4294967295
tile_scp,2112,448,0,96,32,32,0,1,1,4294967295
tile_scp,2144,448,0,96,32,32,0,1,1,4294967295
tile_scp,2176,448,0,96,32,32,0,1,1,4294967295
tile_scp,2208,448,0,96,32,32,0,1,1,4294967295
tile_scp,2240,416,64,96,32,32,0,1,1,4294967295
tile_scp,2240,384,64,96,32,32,0,1,1,4294967295
tile_scp,2240,352,64,96,32,32,0,1,1,4294967295
tile_scp,2240,320,64,96,32,32,0,1,1,4294967295
tile_scp,2240,288,64,96,32,32,0,1,1,4294967295
tile_scp,2240,256,64,96,32,32,0,1,1,4294967295
tile_scp,2240,224,64,96,32,32,0,1,1,4294967295
tile_scp,1792,448,160,96,32,32,0,1,1,4294967295
tile_scp,2240,192,192,96,32,32,0,1,1,4294967295
tile_scp,2240,448,128,96,32,32,0,1,1,4294967295
tile_scp,1792,192,224,96,32,32,0,1,1,4294967295
tile_scp,1856,256,224,0,32,32,0,1,1,4294967295
tile_scp,1888,256,224,0,32,32,0,1,1,4294967295
tile_scp,1920,256,224,0,32,32,0,1,1,4294967295
tile_scp,1952,256,224,0,32,32,0,1,1,4294967295
tile_scp,1984,256,224,0,32,32,0,1,1,4294967295
tile_scp,2016,256,224,0,32,32,0,1,1,4294967295
tile_scp,2048,256,224,0,32,32,0,1,1,4294967295
tile_scp,2080,256,224,0,32,32,0,1,1,4294967295
tile_scp,2112,256,224,0,32,32,0,1,1,4294967295
tile_scp,2144,256,224,0,32,32,0,1,1,4294967295
tile_scp,2176,256,224,0,32,32,0,1,1,4294967295
tile_scp,2144,320,224,0,32,32,0,1,1,4294967295
tile_scp,2080,320,224,0,32,32,0,1,1,4294967295
tile_scp,2048,320,224,0,32,32,0,1,1,4294967295
tile_scp,2016,320,224,0,32,32,0,1,1,4294967295
tile_scp,1984,320,224,0,32,32,0,1,1,4294967295
tile_scp,1888,320,224,0,32,32,0,1,1,4294967295
tile_scp,1856,320,224,0,32,32,0,1,1,4294967295
tile_scp,2176,320,224,0,32,32,0,1,1,4294967295
tile_scp,2176,384,224,0,32,32,0,1,1,4294967295
tile_scp,2144,384,224,0,32,32,0,1,1,4294967295
tile_scp,2112,384,224,0,32,32,0,1,1,4294967295
tile_scp,2080,384,224,0,32,32,0,1,1,4294967295
tile_scp,2048,384,224,0,32,32,0,1,1,4294967295
tile_scp,2016,384,224,0,32,32,0,1,1,4294967295
tile_scp,1984,384,224,0,32,32,0,1,1,4294967295
tile_scp,1952,384,224,0,32,32,0,1,1,4294967295
tile_scp,1920,384,224,0,32,32,0,1,1,4294967295
tile_scp,1888,384,224,0,32,32,0,1,1,4294967295
tile_scp,1856,384,224,0,32,32,0,1,1,4294967295
tile_scp,1856,352,224,32,32,32,0,1,1,4294967295
tile_scp,1888,352,224,32,32,32,0,1,1,4294967295
tile_scp,1984,352,224,32,32,32,0,1,1,4294967295
tile_scp,2016,352,224,32,32,32,0,1,1,4294967295
tile_scp,2048,352,224,32,32,32,0,1,1,4294967295
tile_scp,2080,352,224,32,32,32,0,1,1,4294967295
tile_scp,2144,352,224,32,32,32,0,1,1,4294967295
tile_scp,2176,352,224,32,32,32,0,1,1,4294967295
tile_scp,2176,288,224,32,32,32,0,1,1,4294967295
tile_scp,2144,288,224,32,32,32,0,1,1,4294967295
tile_scp,2112,288,224,32,32,32,0,1,1,4294967295
tile_scp,2080,288,224,32,32,32,0,1,1,4294967295
tile_scp,2048,288,224,32,32,32,0,1,1,4294967295
tile_scp,2016,288,224,32,32,32,0,1,1,4294967295
tile_scp,1984,288,224,32,32,32,0,1,1,4294967295
tile_scp,1952,288,224,32,32,32,0,1,1,4294967295
tile_scp,1920,288,224,32,32,32,0,1,1,4294967295
tile_scp,1888,288,224,32,32,32,0,1,1,4294967295
tile_scp,1856,288,224,32,32,32,0,1,1,4294967295
tile_scp,2624,416,32,64,32,32,0,1,1,4294967295
tile_scp,2656,416,32,64,32,32,0,1,1,4294967295
tile_scp,2688,416,32,64,32,32,0,1,1,4294967295
tile_scp,2720,416,32,64,32,32,0,1,1,4294967295
tile_scp,2784,416,32,64,32,32,0,1,1,4294967295
tile_scp,2816,416,32,64,32,32,0,1,1,4294967295
tile_scp,2848,416,32,64,32,32,0,1,1,4294967295
tile_scp,2880,416,32,64,32,32,0,1,1,4294967295
tile_scp,2912,416,32,64,32,32,0,1,1,4294967295
tile_scp,2944,416,32,64,32,32,0,1,1,4294967295
tile_scp,2752,416,32,64,32,32,0,1,1,4294967295
tile_scp,2592,416,0,64,32,32,0,1,1,4294967295
tile_scp,2976,416,64,64,32,32,0,1,1,4294967295
tile_scp,2592,384,192,64,32,32,0,1,1,4294967295
tile_scp,2592,352,192,64,32,32,0,1,1,4294967295
tile_scp,2592,320,192,64,32,32,0,1,1,4294967295
tile_scp,2592,288,192,64,32,32,0,1,1,4294967295
tile_scp,2592,256,192,64,32,32,0,1,1,4294967295
tile_scp,2592,224,192,64,32,32,0,1,1,4294967295
tile_scp,2976,384,192,64,32,32,0,1,1,4294967295
tile_scp,2976,352,192,64,32,32,0,1,1,4294967295
tile_scp,2976,320,192,64,32,32,0,1,1,4294967295
tile_scp,2976,288,192,64,32,32,0,1,1,4294967295
tile_scp,2976,256,192,64,32,32,0,1,1,4294967295
tile_scp,2976,224,192,64,32,32,0,1,1,4294967295
tile_scp,2944,224,192,64,32,32,0,1,1,4294967295
tile_scp,2816,224,192,64,32,32,0,1,1,4294967295
tile_scp,2784,224,192,64,32,32,0,1,1,4294967295
tile_scp,2752,224,192,64,32,32,0,1,1,4294967295
tile_scp,2720,224,192,64,32,32,0,1,1,4294967295
tile_scp,2688,224,192,64,32,32,0,1,1,4294967295
tile_scp,2656,224,192,64,32,32,0,1,1,4294967295
tile_scp,2624,224,192,64,32,32,0,1,1,4294967295
tile_scp,2848,224,192,64,32,32,0,1,1,4294967295
tile_scp,2880,224,192,64,32,32,0,1,1,4294967295
tile_scp,2912,224,192,64,32,32,0,1,1,4294967295
tile_scp,2560,416,96,96,32,32,0,1,1,4294967295
tile_scp,2560,384,96,96,32,32,0,1,1,4294967295
tile_scp,2560,352,96,96,32,32,0,1,1,4294967295
tile_scp,2560,320,96,96,32,32,0,1,1,4294967295
tile_scp,2560,288,96,96,32,32,0,1,1,4294967295
tile_scp,2560,256,96,96,32,32,0,1,1,4294967295
tile_scp,2560,224,96,96,32,32,0,1,1,4294967295
tile_scp,2592,192,32,96,32,32,0,1,1,4294967295
tile_scp,2624,192,32,96,32,32,0,1,1,4294967295
tile_scp,2656,192,32,96,32,32,0,1,1,4294967295
tile_scp,2688,192,32,96,32,32,0,1,1,4294967295
tile_scp,2720,192,32,96,32,32,0,1,1,4294967295
tile_scp,2752,192,32,96,32,32,0,1,1,4294967295
tile_scp,2976,192,32,96,32,32,0,1,1,4294967295
tile_scp,2944,192,32,96,32,32,0,1,1,4294967295
tile_scp,2912,192,32,96,32,32,0,1,1,4294967295
tile_scp,2880,192,32,96,32,32,0,1,1,4294967295
tile_scp,2848,192,32,96,32,32,0,1,1,4294967295
tile_scp,2816,192,32,96,32,32,0,1,1,4294967295
tile_scp,2784,192,32,96,32,32,0,1,1,4294967295
tile_scp,2592,448,0,96,32,32,0,1,1,4294967295
tile_scp,2624,448,0,96,32,32,0,1,1,4294967295
tile_scp,2656,448,0,96,32,32,0,1,1,4294967295
tile_scp,2688,448,0,96,32,32,0,1,1,4294967295
tile_scp,2720,448,0,96,32,32,0,1,1,4294967295
tile_scp,2752,448,0,96,32,32,0,1,1,4294967295
tile_scp,2784,448,0,96,32,32,0,1,1,4294967295
tile_scp,2816,448,0,96,32,32,0,1,1,4294967295
tile_scp,2848,448,0,96,32,32,0,1,1,4294967295
tile_scp,2880,448,0,96,32,32,0,1,1,4294967295
tile_scp,2912,448,0,96,32,32,0,1,1,4294967295
tile_scp,2944,448,0,96,32,32,0,1,1,4294967295
tile_scp,2976,448,0,96,32,32,0,1,1,4294967295
tile_scp,3008,416,64,96,32,32,0,1,1,4294967295
tile_scp,3008,384,64,96,32,32,0,1,1,4294967295
tile_scp,3008,352,64,96,32,32,0,1,1,4294967295
tile_scp,3008,320,64,96,32,32,0,1,1,4294967295
tile_scp,3008,288,64,96,32,32,0,1,1,4294967295
tile_scp,3008,256,64,96,32,32,0,1,1,4294967295
tile_scp,3008,224,64,96,32,32,0,1,1,4294967295
tile_scp,2560,448,160,96,32,32,0,1,1,4294967295
tile_scp,3008,192,192,96,32,32,0,1,1,4294967295
tile_scp,3008,448,128,96,32,32,0,1,1,4294967295
tile_scp,2560,192,224,96,32,32,0,1,1,4294967295
tile_scp,2624,256,224,0,32,32,0,1,1,4294967295
tile_scp,2656,256,224,0,32,32,0,1,1,4294967295
tile_scp,2688,256,224,0,32,32,0,1,1,4294967295
tile_scp,2720,256,224,0,32,32,0,1,1,4294967295
tile_scp,2752,256,224,0,32,32,0,1,1,4294967295
tile_scp,2784,256,224,0,32,32,0,1,1,4294967295
tile_scp,2816,256,224,0,32,32,0,1,1,4294967295
tile_scp,2848,256,224,0,32,32,0,1,1,4294967295
tile_scp,2880,256,224,0,32,32,0,1,1,4294967295
tile_scp,2912,256,224,0,32,32,0,1,1,4294967295
tile_scp,2944,256,224,0,32,32,0,1,1,4294967295
tile_scp,2912,320,224,0,32,32,0,1,1,4294967295
tile_scp,2880,320,224,0,32,32,0,1,1,4294967295
tile_scp,2848,320,224,0,32,32,0,1,1,4294967295
tile_scp,2816,320,224,0,32,32,0,1,1,4294967295
tile_scp,2784,320,224,0,32,32,0,1,1,4294967295
tile_scp,2752,320,224,0,32,32,0,1,1,4294967295
tile_scp,2720,320,224,0,32,32,0,1,1,4294967295
tile_scp,2656,320,224,0,32,32,0,1,1,4294967295
tile_scp,2624,320,224,0,32,32,0,1,1,4294967295
tile_scp,2944,320,224,0,32,32,0,1,1,4294967295
tile_scp,2944,384,224,0,32,32,0,1,1,4294967295
tile_scp,2912,384,224,0,32,32,0,1,1,4294967295
tile_scp,2880,384,224,0,32,32,0,1,1,4294967295
tile_scp,2848,384,224,0,32,32,0,1,1,4294967295
tile_scp,2816,384,224,0,32,32,0,1,1,4294967295
tile_scp,2784,384,224,0,32,32,0,1,1,4294967295
tile_scp,2752,384,224,0,32,32,0,1,1,4294967295
tile_scp,2720,384,224,0,32,32,0,1,1,4294967295
tile_scp,2688,384,224,0,32,32,0,1,1,4294967295
tile_scp,2656,384,224,0,32,32,0,1,1,4294967295
tile_scp,2624,384,224,0,32,32,0,1,1,4294967295
tile_scp,2624,352,224,32,32,32,0,1,1,4294967295
tile_scp,2656,352,224,32,32,32,0,1,1,4294967295
tile_scp,2720,352,224,32,32,32,0,1,1,4294967295
tile_scp,2752,352,224,32,32,32,0,1,1,4294967295
tile_scp,2784,352,224,32,32,32,0,1,1,4294967295
tile_scp,2816,352,224,32,32,32,0,1,1,4294967295
tile_scp,2848,352,224,32,32,32,0,1,1,4294967295
tile_scp,2880,352,224,32,32,32,0,1,1,4294967295
tile_scp,2912,352,224,32,32,32,0,1,1,4294967295
tile_scp,2944,352,224,32,32,32,0,1,1,4294967295
tile_scp,2944,288,224,32,32,32,0,1,1,4294967295
tile_scp,2912,288,224,32,32,32,0,1,1,4294967295
tile_scp,2880,288,224,32,32,32,0,1,1,4294967295
tile_scp,2848,288,224,32,32,32,0,1,1,4294967295
tile_scp,2816,288,224,32,32,32,0,1,1,4294967295
tile_scp,2784,288,224,32,32,32,0,1,1,4294967295
tile_scp,2752,288,224,32,32,32,0,1,1,4294967295
tile_scp,2720,288,224,32,32,32,0,1,1,4294967295
tile_scp,2688,288,224,32,32,32,0,1,1,4294967295
tile_scp,2656,288,224,32,32,32,0,1,1,4294967295
tile_scp,2624,288,224,32,32,32,0,1,1,4294967295
tile_scp,256,320,160,0,32,32,0,1,1,4294967295
tile_scp,256,352,160,32,32,32,0,1,1,4294967295
tile_scp,448,256,0,0,32,32,0,1,1,4294967295
tile_scp,448,288,0,32,32,32,0,1,1,4294967295
tile_scp,1088,320,32,0,32,32,0,1,1,4294967295
tile_scp,1088,352,32,32,32,32,0,1,1,4294967295
tile_scp,1280,320,0,0,32,32,0,1,1,4294967295
tile_scp,1280,352,0,32,32,32,0,1,1,4294967295
tile_scp,1920,320,96,0,32,32,0,1,1,4294967295
tile_scp,1952,320,128,0,32,32,0,1,1,4294967295
tile_scp,1920,352,96,32,32,32,0,1,1,4294967295
tile_scp,1952,352,128,32,32,32,0,1,1,4294967295
tile_scp,2112,320,160,0,32,32,0,1,1,4294967295
tile_scp,2112,352,160,32,32,32,0,1,1,4294967295
tile_scp,2688,352,160,32,32,32,0,1,1,4294967295
tile_scp,2688,320,160,0,32,32,0,1,1,4294967295
