tile_scp,288,3008,192,64,32,32,0,1,1,4294967295
tile_scp,288,2976,192,64,32,32,0,1,1,4294967295
tile_scp,288,2944,192,64,32,32,0,1,1,4294967295
tile_scp,288,2912,192,64,32,32,0,1,1,4294967295
tile_scp,288,2880,192,64,32,32,0,1,1,4294967295
tile_scp,288,2848,192,64,32,32,0,1,1,4294967295
tile_scp,288,2816,192,64,32,32,0,1,1,4294967295
tile_scp,288,2784,192,64,32,32,0,1,1,4294967295
tile_scp,384,3008,192,64,32,32,0,1,1,4294967295
tile_scp,384,2976,192,64,32,32,0,1,1,4294967295
tile_scp,384,2944,192,64,32,32,0,1,1,4294967295
tile_scp,384,2912,192,64,32,32,0,1,1,4294967295
tile_scp,384,2880,192,64,32,32,0,1,1,4294967295
tile_scp,384,2848,192,64,32,32,0,1,1,4294967295
tile_scp,384,2816,192,64,32,32,0,1,1,4294967295
tile_scp,384,2784,192,64,32,32,0,1,1,4294967295
tile_scp,288,2752,192,64,32,32,0,1,1,4294967295
tile_scp,384,2752,32,64,32,32,0,1,1,4294967295
tile_scp,416,2752,32,64,32,32,0,1,1,4294967295
tile_scp,448,2752,32,64,32,32,0,1,1,4294967295
tile_scp,480,2752,32,64,32,32,0,1,1,4294967295
tile_scp,512,2752,32,64,32,32,0,1,1,4294967295
tile_scp,544,2752,32,64,32,32,0,1,1,4294967295
tile_scp,576,2752,32,64,32,32,0,1,1,4294967295
tile_scp,608,2752,32,64,32,32,0,1,1,4294967295
tile_scp,288,2688,192,64,32,32,0,1,1,4294967295
tile_scp,288,2656,192,64,32,32,0,1,1,4294967295
tile_scp,288,2720,192,64,32,32,0,1,1,4294967295
tile_scp,608,2624,128,64,32,32,0,1,1,4294967295
tile_scp,576,2624,128,64,32,32,0,1,1,4294967295
tile_scp,544,2624,128,64,32,32,0,1,1,4294967295
tile_scp,512,2624,128,64,32,32,0,1,1,4294967295
tile_scp,480,2624,128,64,32,32,0,1,1,4294967295
tile_scp,448,2624,128,64,32,32,0,1,1,4294967295
tile_scp,416,2624,128,64,32,32,0,1,1,4294967295
tile_scp,384,2624,128,64,32,32,0,1,1,4294967295
tile_vent,128,2528,0,0,32,32,0,1,1,4294967295
tile_vent,160,2528,0,0,32,32,0,1,1,4294967295
tile_vent,192,2528,0,0,32,32,0,1,1,4294967295
tile_vent,224,2528,0,0,32,32,0,1,1,4294967295
tile_vent,256,2528,0,0,32,32,0,1,1,4294967295
tile_vent,288,2528,0,0,32,32,0,1,1,4294967295
tile_vent,320,2528,0,0,32,32,0,1,1,4294967295
tile_vent,352,2528,0,0,32,32,0,1,1,4294967295
tile_vent,384,2528,0,0,32,32,0,1,1,4294967295
tile_vent,416,2528,0,0,32,32,0,1,1,4294967295
tile_vent,448,2528,0,0,32,32,0,1,1,4294967295
tile_vent,480,2528,0,0,32,32,0,1,1,4294967295
tile_vent,512,2528,0,0,32,32,0,1,1,4294967295
tile_vent,544,2528,0,0,32,32,0,1,1,4294967295
tile_vent,576,2528,0,0,32,32,0,1,1,4294967295
tile_vent,608,2528,0,0,32,32,0,1,1,4294967295
tile_vent,640,2528,0,0,32,32,0,1,1,4294967295
tile_vent,672,2528,0,0,32,32,0,1,1,4294967295
tile_vent,704,2528,0,0,32,32,0,1,1,4294967295
tile_scp,288,2624,192,64,32,32,0,1,1,4294967295
tile_scp,288,2592,192,64,32,32,0,1,1,4294967295
tile_scp,288,2560,192,64,32,32,0,1,1,4294967295
tile_scp,288,2496,192,64,32,32,0,1,1,4294967295
tile_scp,288,2464,192,64,32,32,0,1,1,4294967295
tile_scp,288,2432,192,64,32,32,0,1,1,4294967295
tile_scp,288,2400,192,64,32,32,0,1,1,4294967295
tile_scp,384,2592,192,64,32,32,0,1,1,4294967295
tile_scp,384,2560,192,64,32,32,0,1,1,4294967295
tile_scp,384,2496,192,64,32,32,0,1,1,4294967295
tile_scp,384,2464,192,64,32,32,0,1,1,4294967295
tile_scp,384,2432,192,64,32,32,0,1,1,4294967295
tile_scp,384,2400,192,64,32,32,0,1,1,4294967295
tile_scp,640,2752,32,64,32,32,0,1,1,4294967295
tile_scp,672,2752,32,64,32,32,0,1,1,4294967295
tile_scp,704,2752,32,64,32,32,0,1,1,4294967295
tile_scp,736,2752,32,64,32,32,0,1,1,4294967295
tile_scp,640,2624,128,64,32,32,0,1,1,4294967295
tile_scp,672,2624,128,64,32,32,0,1,1,4294967295
tile_scp,704,2624,128,64,32,32,0,1,1,4294967295
tile_scp,736,2624,128,64,32,32,0,1,1,4294967295
tile_scp,320,2400,224,0,32,32,0,1,1,4294967295
tile_scp,352,2400,224,0,32,32,0,1,1,4294967295
tile_scp,320,2464,224,0,32,32,0,1,1,4294967295
tile_scp,352,2464,224,0,32,32,0,1,1,4294967295
tile_scp,320,2592,224,0,32,32,0,1,1,4294967295
tile_scp,352,2592,224,0,32,32,0,1,1,4294967295
tile_scp,320,2656,224,0,32,32,0,1,1,4294967295
tile_scp,352,2656,224,0,32,32,0,1,1,4294967295
tile_scp,320,2720,224,0,32,32,0,1,1,4294967295
tile_scp,352,2720,224,0,32,32,0,1,1,4294967295
tile_scp,384,2720,224,0,32,32,0,1,1,4294967295
tile_scp,384,2656,224,0,32,32,0,1,1,4294967295
tile_scp,416,2656,224,0,32,32,0,1,1,4294967295
tile_scp,480,2656,224,0,32,32,0,1,1,4294967295
tile_scp,512,2656,224,0,32,32,0,1,1,4294967295
tile_scp,544,2656,224,0,32,32,0,1,1,4294967295
tile_scp,576,2656,224,0,32,32,0,1,1,4294967295
tile_scp,608,2656,224,0,32,32,0,1,1,4294967295
tile_scp,704,2656,224,0,32,32,0,1,1,4294967295
tile_scp,736,2656,224,0,32,32,0,1,1,4294967295
tile_scp,736,2720,224,0,32,32,0,1,1,4294967295
tile_scp,704,2720,224,0,32,32,0,1,1,4294967295
tile_scp,672,2720,224,0,32,32,0,1,1,4294967295
tile_scp,640,2720,224,0,32,32,0,1,1,4294967295
tile_scp,608,2720,224,0,32,32,0,1,1,4294967295
tile_scp,576,2720,224,0,32,32,0,1,1,4294967295
tile_scp,544,2720,224,0,32,32,0,1,1,4294967295
tile_scp,512,2720,224,0,32,32,0,1,1,4294967295
tile_scp,480,2720,224,0,32,32,0,1,1,4294967295
tile_scp,448,2720,224,0,32,32,0,1,1,4294967295
tile_scp,416,2720,224,0,32,32,0,1,1,4294967295
tile_scp,320,2784,224,0,32,32,0,1,1,4294967295
tile_scp,352,2784,224,0,32,32,0,1,1,4294967295
tile_scp,320,2848,224,0,32,32,0,1,1,4294967295
tile_scp,352,2848,224,0,32,32,0,1,1,4294967295
tile_scp,320,2912,224,0,32,32,0,1,1,4294967295
tile_scp,352,2912,224,0,32,32,0,1,1,4294967295
tile_scp,320,2976,224,0,32,32,0,1,1,4294967295
tile_scp,352,2976,224,0,32,32,0,1,1,4294967295
tile_scp,352,3008,224,32,32,32,0,1,1,4294967295
tile_scp,320,3008,224,32,32,32,0,1,1,4294967295
tile_scp,352,2944,224,32,32,32,0,1,1,4294967295
tile_scp,320,2944,224,32,32,32,0,1,1,4294967295
tile_scp,352,2880,224,32,32,32,0,1,1,4294967295
tile_scp,320,2880,224,32,32,32,0,1,1,4294967295
tile_scp,320,2816,224,32,32,32,0,1,1,4294967295
tile_scp,352,2816,224,32,32,32,0,1,1,4294967295
tile_scp,352,2752,224,32,32,32,0,1,1,4294967295
tile_scp,320,2752,224,32,32,32,0,1,1,4294967295
tile_scp,320,2688,224,32,32,32,0,1,1,4294967295
tile_scp,352,2688,224,32,32,32,0,1,1,4294967295
tile_scp,384,2688,224,32,32,32,0,1,1,4294967295
tile_scp,416,2688,224,32,32,32,0,1,1,4294967295
tile_scp,480,2688,224,32,32,32,0,1,1,4294967295
tile_scp,512,2688,224,32,32,32,0,1,1,4294967295
tile_scp,544,2688,224,32,32,32,0,1,1,4294967295
tile_scp,704,2688,224,32,32,32,0,1,1,4294967295
tile_scp,736,2688,224,32,32,32,0,1,1,4294967295
tile_scp,608,2688,224,32,32,32,0,1,1,4294967295
tile_scp,576,2688,224,32,32,32,0,1,1,4294967295
tile_scp,352,2624,224,32,32,32,0,1,1,4294967295
tile_scp,320,2624,224,32,32,32,0,1,1,4294967295
tile_scp,352,2560,224,32,32,32,0,1,1,4294967295
tile_scp,320,2560,224,32,32,32,0,1,1,4294967295
tile_scp,352,2496,224,32,32,32,0,1,1,4294967295
tile_scp,320,2496,224,32,32,32,0,1,1,4294967295
tile_scp,352,2432,224,32,32,32,0,1,1,4294967295
tile_scp,320,2432,224,32,32,32,0,1,1,4294967295
tile_scp,448,2656,160,0,32,32,0,1,1,4294967295
tile_scp,448,2688,160,32,32,32,0,1,1,4294967295
tile_scp,640,2656,96,0,32,32,0,1,1,4294967295
tile_scp,672,2656,128,0,32,32,0,1,1,4294967295
tile_scp,640,2688,96,32,32,32,0,1,1,4294967295
tile_scp,672,2688,128,32,32,32,0,1,1,4294967295
tile_scp,256,3008,96,96,32,32,0,1,1,4294967295
tile_scp,256,2976,96,96,32,32,0,1,1,4294967295
tile_scp,256,2944,96,96,32,32,0,1,1,4294967295
tile_scp,256,2912,96,96,32,32,0,1,1,4294967295
tile_scp,256,2880,96,96,32,32,0,1,1,4294967295
tile_scp,256,2816,96,96,32,32,0,1,1,4294967295
tile_scp,256,2784,96,96,32,32,0,1,1,4294967295
tile_scp,256,2752,96,96,32,32,0,1,1,4294967295
tile_scp,256,2848,96,96,32,32,0,1,1,4294967295
tile_scp,256,2560,96,96,32,32,0,1,1,4294967295
tile_scp,256,2592,96,96,32,32,0,1,1,4294967295
tile_scp,256,2624,96,96,32,32,0,1,1,4294967295
tile_scp,256,2656,96,96,32,32,0,1,1,4294967295
tile_scp,256,2688,96,96,32,32,0,1,1,4294967295
tile_scp,256,2720,96,96,32,32,0,1,1,4294967295
tile_scp,256,2496,96,96,32,32,0,1,1,4294967295
tile_scp,256,2464,96,96,32,32,0,1,1,4294967295
tile_scp,256,2432,96,96,32,32,0,1,1,4294967295
tile_scp,256,2400,96,96,32,32,0,1,1,4294967295
tile_scp,416,2560,64,96,32,32,0,1,1,4294967295
tile_scp,416,2496,64,96,32,32,0,1,1,4294967295
tile_scp,416,2464,64,96,32,32,0,1,1,4294967295
tile_scp,416,2432,64,96,32,32,0,1,1,4294967295
tile_scp,416,2400,64,96,32,32,0,1,1,4294967295
tile_scp,416,2592,0,128,32,32,0,1,1,4294967295
tile_scp,416,2784,32,128,32,32,0,1,1,4294967295
tile_scp,448,2592,32,96,32,32,0,1,1,4294967295
tile_scp,480,2592,32,96,32,32,0,1,1,4294967295
tile_scp,512,2592,32,96,32,32,0,1,1,4294967295
tile_scp,544,2592,32,96,32,32,0,1,1,4294967295
tile_scp,576,2592,32,96,32,32,0,1,1,4294967295
tile_scp,608,2592,32,96,32,32,0,1,1,4294967295
tile_scp,640,2592,32,96,32,32,0,1,1,4294967295
tile_scp,672,2592,32,96,32,32,0,1,1,4294967295
tile_scp,704,2592,32,96,32,32,0,1,1,4294967295
tile_scp,736,2592,32,96,32,32,0,1,1,4294967295
tile_scp,448,2784,0,96,32,32,0,1,1,4294967295
tile_scp,480,2784,0,96,32,32,0,1,1,4294967295
tile_scp,512,2784,0,96,32,32,0,1,1,4294967295
tile_scp,544,2784,0,96,32,32,0,1,1,4294967295
tile_scp,736,2784,0,96,32,32,0,1,1,4294967295
tile_scp,704,2784,0,96,32,32,0,1,1,4294967295
tile_scp,672,2784,0,96,32,32,0,1,1,4294967295
tile_scp,640,2784,0,96,32,32,0,1,1,4294967295
tile_scp,608,2784,0,96,32,32,0,1,1,4294967295
tile_scp,576,2784,0,96,32,32,0,1,1,4294967295
tile_scp,416,2816,64,96,32,32,0,1,1,4294967295
tile_scp,416,2848,64,96,32,32,0,1,1,4294967295
tile_scp,416,2880,64,96,32,32,0,1,1,4294967295
tile_scp,416,2912,64,96,32,32,0,1,1,4294967295
tile_scp,416,2944,64,96,32,32,0,1,1,4294967295
tile_scp,416,2976,64,96,32,32,0,1,1,4294967295
tile_scp,416,3008,64,96,32,32,0,1,1,4294967295
