tile_scp,64,224,32,64,32,32,0,1,1,4294967295
tile_scp,96,224,32,64,32,32,0,1,1,4294967295
tile_scp,128,224,32,64,32,32,0,1,1,4294967295
tile_scp,160,224,32,64,32,32,0,1,1,4294967295
tile_scp,192,224,32,64,32,32,0,1,1,4294967295
tile_scp,224,224,32,64,32,32,0,1,1,4294967295
tile_scp,256,224,32,64,32,32,0,1,1,4294967295
tile_scp,32,224,0,64,32,32,0,1,1,4294967295
tile_scp,32,192,192,64,32,32,0,1,1,4294967295
tile_scp,32,160,192,64,32,32,0,1,1,4294967295
tile_scp,32,128,192,64,32,32,0,1,1,4294967295
tile_scp,32,96,192,64,32,32,0,1,1,4294967295
tile_scp,32,64,192,64,32,32,0,1,1,4294967295
tile_scp,64,32,128,64,32,32,0,1,1,4294967295
tile_scp,96,32,128,64,32,32,0,1,1,4294967295
tile_scp,128,32,128,64,32,32,0,1,1,4294967295
tile_scp,160,32,128,64,32,32,0,1,1,4294967295
tile_scp,192,32,128,64,32,32,0,1,1,4294967295
tile_scp,224,32,128,64,32,32,0,1,1,4294967295
tile_scp,256,32,128,64,32,32,0,1,1,4294967295
tile_scp,288,32,128,64,32,32,0,1,1,4294967295
tile_scp,320,32,128,64,32,32,0,1,1,4294967295
tile_scp,352,32,128,64,32,32,0,1,1,4294967295
tile_scp,32,32,96,64,32,32,0,1,1,4294967295
tile_scp,384,32,128,64,32,32,0,1,1,4294967295
tile_scp,416,32,128,64,32,32,0,1,1,4294967295
tile_scp,448,32,128,64,32,32,0,1,1,4294967295
tile_scp,480,32,128,64,32,32,0,1,1,4294967295
tile_scp,512,416,192,64,32,32,0,1,1,4294967295
tile_scp,512,384,192,64,32,32,0,1,1,4294967295
tile_scp,512,352,192,64,32,32,0,1,1,4294967295
tile_scp,512,320,192,64,32,32,0,1,1,4294967295
tile_scp,512,288,192,64,32,32,0,1,1,4294967295
tile_scp,512,256,192,64,32,32,0,1,1,4294967295
tile_scp,512,224,192,64,32,32,0,1,1,4294967295
tile_scp,512,192,192,64,32,32,0,1,1,4294967295
tile_scp,512,160,192,64,32,32,0,1,1,4294967295
tile_scp,512,128,192,64,32,32,0,1,1,4294967295
tile_scp,512,96,192,64,32,32,0,1,1,4294967295
tile_scp,512,64,192,64,32,32,0,1,1,4294967295
tile_scp,512,32,160,64,32,32,0,1,1,4294967295
tile_scp,256,256,192,64,32,32,0,1,1,4294967295
tile_scp,256,288,192,64,32,32,0,1,1,4294967295
tile_scp,256,320,192,64,32,32,0,1,1,4294967295
tile_scp,256,352,192,64,32,32,0,1,1,4294967295
tile_scp,256,384,192,64,32,32,0,1,1,4294967295
tile_scp,256,416,192,64,32,32,0,1,1,4294967295
tile_scp,256,448,192,64,32,32,0,1,1,4294967295
tile_scp,256,480,192,64,32,32,0,1,1,4294967295
tile_scp,256,512,192,64,32,32,0,1,1,4294967295
tile_scp,256,544,192,64,32,32,0,1,1,4294967295
tile_scp,512,448,192,64,32,32,0,1,1,4294967295
tile_scp,512,480,192,64,32,32,0,1,1,4294967295
tile_scp,512,512,192,64,32,32,0,1,1,4294967295
tile_scp,256,576,192,64,32,32,0,1,1,4294967295
tile_scp,256,608,192,64,32,32,0,1,1,4294967295
tile_scp,256,640,192,64,32,32,0,1,1,4294967295
tile_scp,256,672,192,64,32,32,0,1,1,4294967295
tile_scp,256,704,192,64,32,32,0,1,1,4294967295
tile_scp,256,736,192,64,32,32,0,1,1,4294967295
tile_scp,512,544,192,64,32,32,0,1,1,4294967295
tile_scp,512,576,192,64,32,32,0,1,1,4294967295
tile_scp,512,608,192,64,32,32,0,1,1,4294967295
tile_scp,512,640,192,64,32,32,0,1,1,4294967295
tile_scp,512,672,192,64,32,32,0,1,1,4294967295
tile_scp,512,704,192,64,32,32,0,1,1,4294967295
tile_scp,256,768,192,64,32,32,0,1,1,4294967295
tile_scp,256,800,192,64,32,32,0,1,1,4294967295
tile_scp,256,832,192,64,32,32,0,1,1,4294967295
tile_scp,256,864,192,64,32,32,0,1,1,4294967295
tile_scp,256,896,192,64,32,32,0,1,1,4294967295
tile_scp,256,928,192,64,32,32,0,1,1,4294967295
tile_scp,256,960,192,64,32,32,0,1,1,4294967295
tile_scp,256,992,192,64,32,32,0,1,1,4294967295
tile_scp,256,1024,192,64,32,32,0,1,1,4294967295
tile_scp,256,1056,192,64,32,32,0,1,1,4294967295
tile_scp,256,1088,192,64,32,32,0,1,1,4294967295
tile_scp,256,1184,192,64,32,32,0,1,1,4294967295
tile_scp,256,1152,192,64,32,32,0,1,1,4294967295
tile_scp,256,1120,192,64,32,32,0,1,1,4294967295
tile_scp,256,1504,192,64,32,32,0,1,1,4294967295
tile_scp,256,1536,192,64,32,32,0,1,1,4294967295
tile_scp,256,1568,192,64,32,32,0,1,1,4294967295
tile_scp,256,1600,192,64,32,32,0,1,1,4294967295
tile_scp,256,1632,192,64,32,32,0,1,1,4294967295
tile_scp,256,1664,192,64,32,32,0,1,1,4294967295
tile_scp,256,1696,192,64,32,32,0,1,1,4294967295
tile_scp,256,1728,192,64,32,32,0,1,1,4294967295
tile_scp,256,1216,192,64,32,32,0,1,1,4294967295
tile_scp,256,1248,192,64,32,32,0,1,1,4294967295
tile_scp,256,1280,192,64,32,32,0,1,1,4294967295
tile_scp,256,1312,192,64,32,32,0,1,1,4294967295
tile_scp,256,1344,192,64,32,32,0,1,1,4294967295
tile_scp,256,1376,192,64,32,32,0,1,1,4294967295
tile_scp,256,1408,192,64,32,32,0,1,1,4294967295
tile_scp,256,1440,192,64,32,32,0,1,1,4294967295
tile_scp,256,1472,192,64,32,32,0,1,1,4294967295
tile_scp,512,736,192,64,32,32,0,1,1,4294967295
tile_scp,512,768,192,64,32,32,0,1,1,4294967295
tile_scp,512,800,192,64,32,32,0,1,1,4294967295
tile_scp,512,832,192,64,32,32,0,1,1,4294967295
tile_scp,512,864,192,64,32,32,0,1,1,4294967295
tile_scp,512,896,192,64,32,32,0,1,1,4294967295
tile_scp,512,928,192,64,32,32,0,1,1,4294967295
tile_scp,512,960,192,64,32,32,0,1,1,4294967295
tile_scp,512,992,192,64,32,32,0,1,1,4294967295
tile_scp,512,1024,192,64,32,32,0,1,1,4294967295
tile_scp,512,1056,192,64,32,32,0,1,1,4294967295
tile_scp,512,1088,192,64,32,32,0,1,1,4294967295
tile_scp,512,1120,192,64,32,32,0,1,1,4294967295
tile_scp,512,1152,192,64,32,32,0,1,1,4294967295
tile_scp,512,1184,192,64,32,32,0,1,1,4294967295
tile_scp,512,1216,192,64,32,32,0,1,1,4294967295
tile_scp,512,1248,192,64,32,32,0,1,1,4294967295
tile_scp,512,1280,192,64,32,32,0,1,1,4294967295
tile_scp,512,1312,192,64,32,32,0,1,1,4294967295
tile_scp,512,1344,192,64,32,32,0,1,1,4294967295
tile_scp,512,1376,192,64,32,32,0,1,1,4294967295
tile_scp,512,1408,192,64,32,32,0,1,1,4294967295
tile_scp,512,1440,192,64,32,32,0,1,1,4294967295
tile_scp,512,1472,192,64,32,32,0,1,1,4294967295
tile_scp,512,1504,192,64,32,32,0,1,1,4294967295
tile_scp,512,1536,192,64,32,32,0,1,1,4294967295
tile_scp,512,1568,192,64,32,32,0,1,1,4294967295
tile_scp,512,1600,192,64,32,32,0,1,1,4294967295
tile_scp,512,1632,192,64,32,32,0,1,1,4294967295
tile_scp,512,1664,192,64,32,32,0,1,1,4294967295
tile_scp,512,1696,192,64,32,32,0,1,1,4294967295
tile_scp,512,1728,192,64,32,32,0,1,1,4294967295
tile_scp,512,1760,192,64,32,32,0,1,1,4294967295
tile_scp,224,256,64,128,32,32,0,1,1,4294967295
tile_scp,192,256,0,96,32,32,0,1,1,4294967295
tile_scp,160,256,0,96,32,32,0,1,1,4294967295
tile_scp,128,256,0,96,32,32,0,1,1,4294967295
tile_scp,96,256,0,96,32,32,0,1,1,4294967295
tile_scp,64,256,0,96,32,32,0,1,1,4294967295
tile_scp,32,256,0,96,32,32,0,1,1,4294967295
tile_scp,0,224,96,96,32,32,0,1,1,4294967295
tile_scp,0,192,96,96,32,32,0,1,1,4294967295
tile_scp,0,160,96,96,32,32,0,1,1,4294967295
tile_scp,0,128,96,96,32,32,0,1,1,4294967295
tile_scp,0,96,96,96,32,32,0,1,1,4294967295
tile_scp,0,64,96,96,32,32,0,1,1,4294967295
tile_scp,0,32,96,96,32,32,0,1,1,4294967295
tile_scp,0,256,160,96,32,32,0,1,1,4294967295
tile_scp,32,0,32,96,32,32,0,1,1,4294967295
tile_scp,64,0,32,96,32,32,0,1,1,4294967295
tile_scp,96,0,32,96,32,32,0,1,1,4294967295
tile_scp,128,0,32,96,32,32,0,1,1,4294967295
tile_scp,160,0,32,96,32,32,0,1,1,4294967295
tile_scp,192,0,32,96,32,32,0,1,1,4294967295
tile_scp,224,0,32,96,32,32,0,1,1,4294967295
tile_scp,256,0,32,96,32,32,0,1,1,4294967295
tile_scp,288,0,32,96,32,32,0,1,1,4294967295
tile_scp,320,0,32,96,32,32,0,1,1,4294967295
tile_scp,352,0,32,96,32,32,0,1,1,4294967295
tile_scp,384,0,32,96,32,32,0,1,1,4294967295
tile_scp,416,0,32,96,32,32,0,1,1,4294967295
tile_scp,448,0,32,96,32,32,0,1,1,4294967295
tile_scp,480,0,32,96,32,32,0,1,1,4294967295
tile_scp,512,0,32,96,32,32,0,1,1,4294967295
tile_scp,0,0,224,96,32,32,0,1,1,4294967295
tile_scp,544,0,192,96,32,32,0,1,1,4294967295
tile_scp,544,32,64,96,32,32,0,1,1,4294967295
tile_scp,544,64,64,96,32,32,0,1,1,4294967295
tile_scp,544,96,64,96,32,32,0,1,1,4294967295
tile_scp,544,128,64,96,32,32,0,1,1,4294967295
tile_scp,544,160,64,96,32,32,0,1,1,4294967295
tile_scp,544,192,64,96,32,32,0,1,1,4294967295
tile_scp,544,224,64,96,32,32,0,1,1,4294967295
tile_scp,544,256,64,96,32,32,0,1,1,4294967295
tile_scp,544,288,64,96,32,32,0,1,1,4294967295
tile_scp,544,320,64,96,32,32,0,1,1,4294967295
tile_scp,544,352,64,96,32,32,0,1,1,4294967295
tile_scp,544,384,64,96,32,32,0,1,1,4294967295
tile_scp,544,416,64,96,32,32,0,1,1,4294967295
tile_scp,544,448,64,96,32,32,0,1,1,4294967295
tile_scp,544,480,64,96,32,32,0,1,1,4294967295
tile_scp,544,512,64,96,32,32,0,1,1,4294967295
tile_scp,544,544,64,96,32,32,0,1,1,4294967295
tile_scp,544,576,64,96,32,32,0,1,1,4294967295
tile_scp,544,608,64,96,32,32,0,1,1,4294967295
tile_scp,544,640,64,96,32,32,0,1,1,4294967295
tile_scp,544,672,64,96,32,32,0,1,1,4294967295
tile_scp,544,704,64,96,32,32,0,1,1,4294967295
tile_scp,544,736,64,96,32,32,0,1,1,4294967295
tile_scp,544,768,64,96,32,32,0,1,1,4294967295
tile_scp,544,800,64,96,32,32,0,1,1,4294967295
tile_scp,544,832,64,96,32,32,0,1,1,4294967295
tile_scp,544,864,64,96,32,32,0,1,1,4294967295
tile_scp,544,896,64,96,32,32,0,1,1,4294967295
tile_scp,544,928,64,96,32,32,0,1,1,4294967295
tile_scp,544,960,64,96,32,32,0,1,1,4294967295
tile_scp,544,992,64,96,32,32,0,1,1,4294967295
tile_scp,544,1024,64,96,32,32,0,1,1,4294967295
tile_scp,544,1056,64,96,32,32,0,1,1,4294967295
tile_scp,544,1088,64,96,32,32,0,1,1,4294967295
tile_scp,544,1280,64,96,32,32,0,1,1,4294967295
tile_scp,544,1312,64,96,32,32,0,1,1,4294967295
tile_scp,544,1344,64,96,32,32,0,1,1,4294967295
tile_scp,544,1376,64,96,32,32,0,1,1,4294967295
tile_scp,544,1408,64,96,32,32,0,1,1,4294967295
tile_scp,544,1440,64,96,32,32,0,1,1,4294967295
tile_scp,544,1472,64,96,32,32,0,1,1,4294967295
tile_scp,544,1504,64,96,32,32,0,1,1,4294967295
tile_scp,544,1536,64,96,32,32,0,1,1,4294967295
tile_scp,544,1568,64,96,32,32,0,1,1,4294967295
tile_scp,544,1600,64,96,32,32,0,1,1,4294967295
tile_scp,544,1632,64,96,32,32,0,1,1,4294967295
tile_scp,544,1664,64,96,32,32,0,1,1,4294967295
tile_scp,544,1696,64,96,32,32,0,1,1,4294967295
tile_scp,544,1728,64,96,32,32,0,1,1,4294967295
tile_scp,544,1760,64,96,32,32,0,1,1,4294967295
tile_scp,544,1248,64,96,32,32,0,1,1,4294967295
tile_scp,544,1216,64,96,32,32,0,1,1,4294967295
tile_scp,544,1184,64,96,32,32,0,1,1,4294967295
tile_scp,544,1152,64,96,32,32,0,1,1,4294967295
tile_scp,544,1120,64,96,32,32,0,1,1,4294967295
tile_scp,224,288,96,96,32,32,0,1,1,4294967295
tile_scp,224,320,96,96,32,32,0,1,1,4294967295
tile_scp,224,352,96,96,32,32,0,1,1,4294967295
tile_scp,224,384,96,96,32,32,0,1,1,4294967295
tile_scp,224,416,96,96,32,32,0,1,1,4294967295
tile_scp,224,448,96,96,32,32,0,1,1,4294967295
tile_scp,224,480,96,96,32,32,0,1,1,4294967295
tile_scp,224,512,96,96,32,32,0,1,1,4294967295
tile_scp,224,544,96,96,32,32,0,1,1,4294967295
tile_scp,224,576,96,96,32,32,0,1,1,4294967295
tile_scp,224,608,96,96,32,32,0,1,1,4294967295
tile_scp,224,640,96,96,32,32,0,1,1,4294967295
tile_scp,224,672,96,96,32,32,0,1,1,4294967295
tile_scp,224,704,96,96,32,32,0,1,1,4294967295
tile_scp,224,736,96,96,32,32,0,1,1,4294967295
tile_scp,224,768,96,96,32,32,0,1,1,4294967295
tile_scp,224,800,96,96,32,32,0,1,1,4294967295
tile_scp,224,832,96,96,32,32,0,1,1,4294967295
tile_scp,224,864,96,96,32,32,0,1,1,4294967295
tile_scp,224,896,96,96,32,32,0,1,1,4294967295
tile_scp,224,928,96,96,32,32,0,1,1,4294967295
tile_scp,224,960,96,96,32,32,0,1,1,4294967295
tile_scp,224,992,96,96,32,32,0,1,1,4294967295
tile_scp,224,1024,96,96,32,32,0,1,1,4294967295
tile_scp,224,1056,96,96,32,32,0,1,1,4294967295
tile_scp,224,1088,96,96,32,32,0,1,1,4294967295
tile_scp,224,1120,96,96,32,32,0,1,1,4294967295
tile_scp,224,1152,96,96,32,32,0,1,1,4294967295
tile_scp,224,1184,96,96,32,32,0,1,1,4294967295
tile_scp,224,1216,96,96,32,32,0,1,1,4294967295
tile_scp,224,1248,96,96,32,32,0,1,1,4294967295
tile_scp,224,1280,96,96,32,32,0,1,1,4294967295
tile_scp,224,1312,96,96,32,32,0,1,1,4294967295
tile_scp,224,1344,96,96,32,32,0,1,1,4294967295
tile_scp,224,1376,96,96,32,32,0,1,1,4294967295
tile_scp,224,1408,96,96,32,32,0,1,1,4294967295
tile_scp,224,1440,96,96,32,32,0,1,1,4294967295
tile_scp,224,1472,96,96,32,32,0,1,1,4294967295
tile_scp,224,1504,96,96,32,32,0,1,1,4294967295
tile_scp,224,1536,96,96,32,32,0,1,1,4294967295
tile_scp,224,1568,96,96,32,32,0,1,1,4294967295
tile_scp,224,1600,96,96,32,32,0,1,1,4294967295
tile_scp,224,1632,96,96,32,32,0,1,1,4294967295
tile_scp,224,1664,96,96,32,32,0,1,1,4294967295
tile_scp,224,1696,96,96,32,32,0,1,1,4294967295
tile_scp,224,1728,96,96,32,32,0,1,1,4294967295
tile_scp,224,1760,96,96,32,32,0,1,1,4294967295
tile_scp,224,1792,96,96,32,32,0,1,1,4294967295
tile_scp,224,1824,96,96,32,32,0,1,1,4294967295
tile_scp,256,1760,192,64,32,32,0,1,1,4294967295
tile_scp,256,1792,192,64,32,32,0,1,1,4294967295
tile_scp,256,1824,192,64,32,32,0,1,1,4294967295
tile_scp,64,64,224,0,32,32,0,1,1,4294967295
tile_scp,96,64,224,0,32,32,0,1,1,4294967295
tile_scp,128,64,224,0,32,32,0,1,1,4294967295
tile_scp,160,64,224,0,32,32,0,1,1,4294967295
tile_scp,192,64,224,0,32,32,0,1,1,4294967295
tile_scp,224,64,224,0,32,32,0,1,1,4294967295
tile_scp,256,64,224,0,32,32,0,1,1,4294967295
tile_scp,288,64,224,0,32,32,0,1,1,4294967295
tile_scp,320,64,224,0,32,32,0,1,1,4294967295
tile_scp,352,64,224,0,32,32,0,1,1,4294967295
tile_scp,320,96,224,32,32,32,0,1,1,4294967295
tile_scp,288,96,224,32,32,32,0,1,1,4294967295
tile_scp,256,96,224,32,32,32,0,1,1,4294967295
tile_scp,224,96,224,32,32,32,0,1,1,4294967295
tile_scp,192,96,224,32,32,32,0,1,1,4294967295
tile_scp,160,96,224,32,32,32,0,1,1,4294967295
tile_scp,128,96,224,32,32,32,0,1,1,4294967295
tile_scp,96,96,224,32,32,32,0,1,1,4294967295
tile_scp,64,96,224,32,32,32,0,1,1,4294967295
tile_scp,320,160,224,32,32,32,0,1,1,4294967295
tile_scp,288,160,224,32,32,32,0,1,1,4294967295
tile_scp,256,160,224,32,32,32,0,1,1,4294967295
tile_scp,224,160,224,32,32,32,0,1,1,4294967295
tile_scp,192,160,224,32,32,32,0,1,1,4294967295
tile_scp,160,160,224,32,32,32,0,1,1,4294967295
tile_scp,128,160,224,32,32,32,0,1,1,4294967295
tile_scp,96,160,224,32,32,32,0,1,1,4294967295
tile_scp,64,160,224,32,32,32,0,1,1,4294967295
tile_scp,352,160,224,32,32,32,0,1,1,4294967295
tile_scp,384,192,224,0,32,32,0,1,1,4294967295
tile_scp,352,192,224,0,32,32,0,1,1,4294967295
tile_scp,320,192,224,0,32,32,0,1,1,4294967295
tile_scp,288,192,224,0,32,32,0,1,1,4294967295
tile_scp,256,192,224,0,32,32,0,1,1,4294967295
tile_scp,224,192,224,0,32,32,0,1,1,4294967295
tile_scp,192,192,224,0,32,32,0,1,1,4294967295
tile_scp,160,192,224,0,32,32,0,1,1,4294967295
tile_scp,128,192,224,0,32,32,0,1,1,4294967295
tile_scp,96,192,224,0,32,32,0,1,1,4294967295
tile_scp,64,192,224,0,32,32,0,1,1,4294967295
tile_scp,64,128,224,0,32,32,0,1,1,4294967295
tile_scp,96,128,224,0,32,32,0,1,1,4294967295
tile_scp,128,128,224,0,32,32,0,1,1,4294967295
tile_scp,160,128,224,0,32,32,0,1,1,4294967295
tile_scp,192,128,224,0,32,32,0,1,1,4294967295
tile_scp,224,128,224,0,32,32,0,1,1,4294967295
tile_scp,256,128,224,0,32,32,0,1,1,4294967295
tile_scp,288,128,224,0,32,32,0,1,1,4294967295
tile_scp,256,1824,192,64,32,32,0,1,1,4294967295
tile_scp,256,1920,192,64,32,32,0,1,1,4294967295
tile_scp,256,1888,192,64,32,32,0,1,1,4294967295
tile_scp,256,1856,192,64,32,32,0,1,1,4294967295
tile_scp,256,2240,192,64,32,32,0,1,1,4294967295
tile_scp,256,2272,192,64,32,32,0,1,1,4294967295
tile_scp,256,2304,192,64,32,32,0,1,1,4294967295
tile_scp,256,2336,192,64,32,32,0,1,1,4294967295
tile_scp,256,2368,192,64,32,32,0,1,1,4294967295
tile_scp,256,2400,192,64,32,32,0,1,1,4294967295
tile_scp,256,2432,192,64,32,32,0,1,1,4294967295
tile_scp,256,2464,192,64,32,32,0,1,1,4294967295
tile_scp,256,1952,192,64,32,32,0,1,1,4294967295
tile_scp,256,1984,192,64,32,32,0,1,1,4294967295
tile_scp,256,2016,192,64,32,32,0,1,1,4294967295
tile_scp,256,2048,192,64,32,32,0,1,1,4294967295
tile_scp,256,2080,192,64,32,32,0,1,1,4294967295
tile_scp,256,2112,192,64,32,32,0,1,1,4294967295
tile_scp,256,2144,192,64,32,32,0,1,1,4294967295
tile_scp,256,2176,192,64,32,32,0,1,1,4294967295
tile_scp,256,2208,192,64,32,32,0,1,1,4294967295
tile_scp,512,1824,192,64,32,32,0,1,1,4294967295
tile_scp,512,1856,192,64,32,32,0,1,1,4294967295
tile_scp,512,1888,192,64,32,32,0,1,1,4294967295
tile_scp,512,1920,192,64,32,32,0,1,1,4294967295
tile_scp,512,1952,192,64,32,32,0,1,1,4294967295
tile_scp,512,1984,192,64,32,32,0,1,1,4294967295
tile_scp,512,2016,192,64,32,32,0,1,1,4294967295
tile_scp,512,2048,192,64,32,32,0,1,1,4294967295
tile_scp,512,2080,192,64,32,32,0,1,1,4294967295
tile_scp,512,2112,192,64,32,32,0,1,1,4294967295
tile_scp,512,2144,192,64,32,32,0,1,1,4294967295
tile_scp,512,2176,192,64,32,32,0,1,1,4294967295
tile_scp,512,2208,192,64,32,32,0,1,1,4294967295
tile_scp,512,2240,192,64,32,32,0,1,1,4294967295
tile_scp,512,2272,192,64,32,32,0,1,1,4294967295
tile_scp,512,2304,192,64,32,32,0,1,1,4294967295
tile_scp,512,2336,192,64,32,32,0,1,1,4294967295
tile_scp,512,2368,192,64,32,32,0,1,1,4294967295
tile_scp,512,2400,192,64,32,32,0,1,1,4294967295
tile_scp,512,2432,192,64,32,32,0,1,1,4294967295
tile_scp,512,2464,192,64,32,32,0,1,1,4294967295
tile_scp,512,2496,192,64,32,32,0,1,1,4294967295
tile_scp,544,1824,64,96,32,32,0,1,1,4294967295
tile_scp,544,2016,64,96,32,32,0,1,1,4294967295
tile_scp,544,2048,64,96,32,32,0,1,1,4294967295
tile_scp,544,2080,64,96,32,32,0,1,1,4294967295
tile_scp,544,2112,64,96,32,32,0,1,1,4294967295
tile_scp,544,2144,64,96,32,32,0,1,1,4294967295
tile_scp,544,2176,64,96,32,32,0,1,1,4294967295
tile_scp,544,2208,64,96,32,32,0,1,1,4294967295
tile_scp,544,2240,64,96,32,32,0,1,1,4294967295
tile_scp,544,2272,64,96,32,32,0,1,1,4294967295
tile_scp,544,2304,64,96,32,32,0,1,1,4294967295
tile_scp,544,2336,64,96,32,32,0,1,1,4294967295
tile_scp,544,2368,64,96,32,32,0,1,1,4294967295
tile_scp,544,2400,64,96,32,32,0,1,1,4294967295
tile_scp,544,2432,64,96,32,32,0,1,1,4294967295
tile_scp,544,2464,64,96,32,32,0,1,1,4294967295
tile_scp,544,2496,64,96,32,32,0,1,1,4294967295
tile_scp,544,1984,64,96,32,32,0,1,1,4294967295
tile_scp,544,1952,64,96,32,32,0,1,1,4294967295
tile_scp,544,1920,64,96,32,32,0,1,1,4294967295
tile_scp,544,1888,64,96,32,32,0,1,1,4294967295
tile_scp,544,1856,64,96,32,32,0,1,1,4294967295
tile_scp,224,1824,96,96,32,32,0,1,1,4294967295
tile_scp,224,1856,96,96,32,32,0,1,1,4294967295
tile_scp,224,1888,96,96,32,32,0,1,1,4294967295
tile_scp,224,1920,96,96,32,32,0,1,1,4294967295
tile_scp,224,1952,96,96,32,32,0,1,1,4294967295
tile_scp,224,1984,96,96,32,32,0,1,1,4294967295
tile_scp,224,2016,96,96,32,32,0,1,1,4294967295
tile_scp,224,2048,96,96,32,32,0,1,1,4294967295
tile_scp,224,2080,96,96,32,32,0,1,1,4294967295
tile_scp,224,2112,96,96,32,32,0,1,1,4294967295
tile_scp,224,2144,96,96,32,32,0,1,1,4294967295
tile_scp,224,2176,96,96,32,32,0,1,1,4294967295
tile_scp,224,2208,96,96,32,32,0,1,1,4294967295
tile_scp,224,2240,96,96,32,32,0,1,1,4294967295
tile_scp,224,2272,96,96,32,32,0,1,1,4294967295
tile_scp,224,2304,96,96,32,32,0,1,1,4294967295
tile_scp,224,2336,96,96,32,32,0,1,1,4294967295
tile_scp,224,2368,96,96,32,32,0,1,1,4294967295
tile_scp,224,2400,96,96,32,32,0,1,1,4294967295
tile_scp,224,2432,96,96,32,32,0,1,1,4294967295
tile_scp,224,2464,96,96,32,32,0,1,1,4294967295
tile_scp,224,2496,96,96,32,32,0,1,1,4294967295
tile_scp,224,2528,96,96,32,32,0,1,1,4294967295
tile_scp,256,2496,192,64,32,32,0,1,1,4294967295
tile_scp,256,2528,192,64,32,32,0,1,1,4294967295
tile_scp,256,1792,192,64,32,32,0,1,1,4294967295
tile_scp,256,1888,192,64,32,32,0,1,1,4294967295
tile_scp,256,1856,192,64,32,32,0,1,1,4294967295
tile_scp,256,1824,192,64,32,32,0,1,1,4294967295
tile_scp,256,2208,192,64,32,32,0,1,1,4294967295
tile_scp,256,2240,192,64,32,32,0,1,1,4294967295
tile_scp,256,2272,192,64,32,32,0,1,1,4294967295
tile_scp,256,2304,192,64,32,32,0,1,1,4294967295
tile_scp,256,2336,192,64,32,32,0,1,1,4294967295
tile_scp,256,2368,192,64,32,32,0,1,1,4294967295
tile_scp,256,2400,192,64,32,32,0,1,1,4294967295
tile_scp,256,2432,192,64,32,32,0,1,1,4294967295
tile_scp,256,1920,192,64,32,32,0,1,1,4294967295
tile_scp,256,1952,192,64,32,32,0,1,1,4294967295
tile_scp,256,1984,192,64,32,32,0,1,1,4294967295
tile_scp,256,2016,192,64,32,32,0,1,1,4294967295
tile_scp,256,2048,192,64,32,32,0,1,1,4294967295
tile_scp,256,2080,192,64,32,32,0,1,1,4294967295
tile_scp,256,2112,192,64,32,32,0,1,1,4294967295
tile_scp,256,2144,192,64,32,32,0,1,1,4294967295
tile_scp,256,2176,192,64,32,32,0,1,1,4294967295
tile_scp,512,1792,192,64,32,32,0,1,1,4294967295
tile_scp,512,1824,192,64,32,32,0,1,1,4294967295
tile_scp,512,1856,192,64,32,32,0,1,1,4294967295
tile_scp,512,1888,192,64,32,32,0,1,1,4294967295
tile_scp,512,1920,192,64,32,32,0,1,1,4294967295
tile_scp,512,1952,192,64,32,32,0,1,1,4294967295
tile_scp,512,1984,192,64,32,32,0,1,1,4294967295
tile_scp,512,2016,192,64,32,32,0,1,1,4294967295
tile_scp,512,2048,192,64,32,32,0,1,1,4294967295
tile_scp,512,2080,192,64,32,32,0,1,1,4294967295
tile_scp,512,2112,192,64,32,32,0,1,1,4294967295
tile_scp,512,2144,192,64,32,32,0,1,1,4294967295
tile_scp,512,2176,192,64,32,32,0,1,1,4294967295
tile_scp,512,2208,192,64,32,32,0,1,1,4294967295
tile_scp,512,2240,192,64,32,32,0,1,1,4294967295
tile_scp,512,2272,192,64,32,32,0,1,1,4294967295
tile_scp,512,2304,192,64,32,32,0,1,1,4294967295
tile_scp,512,2336,192,64,32,32,0,1,1,4294967295
tile_scp,512,2368,192,64,32,32,0,1,1,4294967295
tile_scp,512,2400,192,64,32,32,0,1,1,4294967295
tile_scp,512,2432,192,64,32,32,0,1,1,4294967295
tile_scp,512,2464,192,64,32,32,0,1,1,4294967295
tile_scp,544,1792,64,96,32,32,0,1,1,4294967295
tile_scp,544,1984,64,96,32,32,0,1,1,4294967295
tile_scp,544,2016,64,96,32,32,0,1,1,4294967295
tile_scp,544,2048,64,96,32,32,0,1,1,4294967295
tile_scp,544,2080,64,96,32,32,0,1,1,4294967295
tile_scp,544,2112,64,96,32,32,0,1,1,4294967295
tile_scp,544,2144,64,96,32,32,0,1,1,4294967295
tile_scp,544,2176,64,96,32,32,0,1,1,4294967295
tile_scp,544,2208,64,96,32,32,0,1,1,4294967295
tile_scp,544,2240,64,96,32,32,0,1,1,4294967295
tile_scp,544,2272,64,96,32,32,0,1,1,4294967295
tile_scp,544,2304,64,96,32,32,0,1,1,4294967295
tile_scp,544,2336,64,96,32,32,0,1,1,4294967295
tile_scp,544,2368,64,96,32,32,0,1,1,4294967295
tile_scp,544,2400,64,96,32,32,0,1,1,4294967295
tile_scp,544,2432,64,96,32,32,0,1,1,4294967295
tile_scp,544,2464,64,96,32,32,0,1,1,4294967295
tile_scp,544,1952,64,96,32,32,0,1,1,4294967295
tile_scp,544,1920,64,96,32,32,0,1,1,4294967295
tile_scp,544,1888,64,96,32,32,0,1,1,4294967295
tile_scp,544,1856,64,96,32,32,0,1,1,4294967295
tile_scp,544,1824,64,96,32,32,0,1,1,4294967295
tile_scp,224,1792,96,96,32,32,0,1,1,4294967295
tile_scp,224,1824,96,96,32,32,0,1,1,4294967295
tile_scp,224,1856,96,96,32,32,0,1,1,4294967295
tile_scp,224,1888,96,96,32,32,0,1,1,4294967295
tile_scp,224,1920,96,96,32,32,0,1,1,4294967295
tile_scp,224,1952,96,96,32,32,0,1,1,4294967295
tile_scp,224,1984,96,96,32,32,0,1,1,4294967295
tile_scp,224,2016,96,96,32,32,0,1,1,4294967295
tile_scp,224,2048,96,96,32,32,0,1,1,4294967295
tile_scp,224,2080,96,96,32,32,0,1,1,4294967295
tile_scp,224,2112,96,96,32,32,0,1,1,4294967295
tile_scp,224,2144,96,96,32,32,0,1,1,4294967295
tile_scp,224,2176,96,96,32,32,0,1,1,4294967295
tile_scp,224,2208,96,96,32,32,0,1,1,4294967295
tile_scp,224,2240,96,96,32,32,0,1,1,4294967295
tile_scp,224,2272,96,96,32,32,0,1,1,4294967295
tile_scp,224,2304,96,96,32,32,0,1,1,4294967295
tile_scp,224,2336,96,96,32,32,0,1,1,4294967295
tile_scp,224,2368,96,96,32,32,0,1,1,4294967295
tile_scp,224,2400,96,96,32,32,0,1,1,4294967295
tile_scp,224,2432,96,96,32,32,0,1,1,4294967295
tile_scp,224,2464,96,96,32,32,0,1,1,4294967295
tile_scp,224,2496,96,96,32,32,0,1,1,4294967295
tile_scp,256,2464,192,64,32,32,0,1,1,4294967295
tile_scp,256,2496,192,64,32,32,0,1,1,4294967295
tile_scp,256,2528,192,64,32,32,0,1,1,4294967295
tile_scp,256,2624,192,64,32,32,0,1,1,4294967295
tile_scp,256,2592,192,64,32,32,0,1,1,4294967295
tile_scp,256,2560,192,64,32,32,0,1,1,4294967295
tile_scp,256,2944,192,64,32,32,0,1,1,4294967295
tile_scp,256,2976,192,64,32,32,0,1,1,4294967295
tile_scp,256,3008,192,64,32,32,0,1,1,4294967295
tile_scp,256,3040,192,64,32,32,0,1,1,4294967295
tile_scp,256,3072,192,64,32,32,0,1,1,4294967295
tile_scp,256,3104,192,64,32,32,0,1,1,4294967295
tile_scp,256,3136,192,64,32,32,0,1,1,4294967295
tile_scp,256,3168,192,64,32,32,0,1,1,4294967295
tile_scp,256,2656,192,64,32,32,0,1,1,4294967295
tile_scp,256,2688,192,64,32,32,0,1,1,4294967295
tile_scp,256,2720,192,64,32,32,0,1,1,4294967295
tile_scp,256,2752,192,64,32,32,0,1,1,4294967295
tile_scp,256,2784,192,64,32,32,0,1,1,4294967295
tile_scp,256,2816,192,64,32,32,0,1,1,4294967295
tile_scp,256,2848,192,64,32,32,0,1,1,4294967295
tile_scp,256,2880,192,64,32,32,0,1,1,4294967295
tile_scp,256,2912,192,64,32,32,0,1,1,4294967295
tile_scp,512,2528,192,64,32,32,0,1,1,4294967295
tile_scp,512,2560,192,64,32,32,0,1,1,4294967295
tile_scp,512,2592,192,64,32,32,0,1,1,4294967295
tile_scp,512,2624,192,64,32,32,0,1,1,4294967295
tile_scp,512,2656,192,64,32,32,0,1,1,4294967295
tile_scp,512,2688,192,64,32,32,0,1,1,4294967295
tile_scp,512,2720,192,64,32,32,0,1,1,4294967295
tile_scp,512,2752,192,64,32,32,0,1,1,4294967295
tile_scp,512,2784,192,64,32,32,0,1,1,4294967295
tile_scp,512,2816,192,64,32,32,0,1,1,4294967295
tile_scp,512,2848,192,64,32,32,0,1,1,4294967295
tile_scp,512,2880,192,64,32,32,0,1,1,4294967295
tile_scp,512,2912,192,64,32,32,0,1,1,4294967295
tile_scp,512,2944,192,64,32,32,0,1,1,4294967295
tile_scp,512,2976,192,64,32,32,0,1,1,4294967295
tile_scp,512,3008,192,64,32,32,0,1,1,4294967295
tile_scp,512,3040,192,64,32,32,0,1,1,4294967295
tile_scp,512,3072,192,64,32,32,0,1,1,4294967295
tile_scp,512,3104,192,64,32,32,0,1,1,4294967295
tile_scp,512,3136,192,64,32,32,0,1,1,4294967295
tile_scp,512,3168,192,64,32,32,0,1,1,4294967295
tile_scp,512,3200,192,64,32,32,0,1,1,4294967295
tile_scp,544,2528,64,96,32,32,0,1,1,4294967295
tile_scp,544,2720,64,96,32,32,0,1,1,4294967295
tile_scp,544,2752,64,96,32,32,0,1,1,4294967295
tile_scp,544,2784,64,96,32,32,0,1,1,4294967295
tile_scp,544,2816,64,96,32,32,0,1,1,4294967295
tile_scp,544,2848,64,96,32,32,0,1,1,4294967295
tile_scp,544,2880,64,96,32,32,0,1,1,4294967295
tile_scp,544,2912,64,96,32,32,0,1,1,4294967295
tile_scp,544,2944,64,96,32,32,0,1,1,4294967295
tile_scp,544,2976,64,96,32,32,0,1,1,4294967295
tile_scp,544,3008,64,96,32,32,0,1,1,4294967295
tile_scp,544,3040,64,96,32,32,0,1,1,4294967295
tile_scp,544,3072,64,96,32,32,0,1,1,4294967295
tile_scp,544,3104,64,96,32,32,0,1,1,4294967295
tile_scp,544,3136,64,96,32,32,0,1,1,4294967295
tile_scp,544,3168,64,96,32,32,0,1,1,4294967295
tile_scp,544,3200,64,96,32,32,0,1,1,4294967295
tile_scp,544,2688,64,96,32,32,0,1,1,4294967295
tile_scp,544,2656,64,96,32,32,0,1,1,4294967295
tile_scp,544,2624,64,96,32,32,0,1,1,4294967295
tile_scp,544,2592,64,96,32,32,0,1,1,4294967295
tile_scp,544,2560,64,96,32,32,0,1,1,4294967295
tile_scp,224,2528,96,96,32,32,0,1,1,4294967295
tile_scp,224,2560,96,96,32,32,0,1,1,4294967295
tile_scp,224,2592,96,96,32,32,0,1,1,4294967295
tile_scp,224,2624,96,96,32,32,0,1,1,4294967295
tile_scp,224,2656,96,96,32,32,0,1,1,4294967295
tile_scp,224,2688,96,96,32,32,0,1,1,4294967295
tile_scp,224,2720,96,96,32,32,0,1,1,4294967295
tile_scp,224,2752,96,96,32,32,0,1,1,4294967295
tile_scp,224,2784,96,96,32,32,0,1,1,4294967295
tile_scp,224,2816,96,96,32,32,0,1,1,4294967295
tile_scp,224,2848,96,96,32,32,0,1,1,4294967295
tile_scp,224,2880,96,96,32,32,0,1,1,4294967295
tile_scp,224,2912,96,96,32,32,0,1,1,4294967295
tile_scp,224,2944,96,96,32,32,0,1,1,4294967295
tile_scp,224,2976,96,96,32,32,0,1,1,4294967295
tile_scp,224,3008,96,96,32,32,0,1,1,4294967295
tile_scp,224,3040,96,96,32,32,0,1,1,4294967295
tile_scp,224,3072,96,96,32,32,0,1,1,4294967295
tile_scp,224,3104,96,96,32,32,0,1,1,4294967295
tile_scp,224,3136,96,96,32,32,0,1,1,4294967295
tile_scp,224,3168,96,96,32,32,0,1,1,4294967295
tile_scp,224,3200,96,96,32,32,0,1,1,4294967295
tile_scp,224,3232,96,96,32,32,0,1,1,4294967295
tile_scp,256,3200,192,64,32,32,0,1,1,4294967295
tile_scp,256,3232,192,64,32,32,0,1,1,4294967295
tile_scp,256,3232,192,64,32,32,0,1,1,4294967295
tile_scp,256,3328,192,64,32,32,0,1,1,4294967295
tile_scp,256,3296,192,64,32,32,0,1,1,4294967295
tile_scp,256,3264,192,64,32,32,0,1,1,4294967295
tile_scp,256,3648,192,64,32,32,0,1,1,4294967295
tile_scp,256,3680,192,64,32,32,0,1,1,4294967295
tile_scp,256,3712,192,64,32,32,0,1,1,4294967295
tile_scp,256,3744,192,64,32,32,0,1,1,4294967295
tile_scp,256,3776,192,64,32,32,0,1,1,4294967295
tile_scp,256,3808,192,64,32,32,0,1,1,4294967295
tile_scp,256,3840,192,64,32,32,0,1,1,4294967295
tile_scp,256,3872,192,64,32,32,0,1,1,4294967295
tile_scp,256,3360,192,64,32,32,0,1,1,4294967295
tile_scp,256,3392,192,64,32,32,0,1,1,4294967295
tile_scp,256,3424,192,64,32,32,0,1,1,4294967295
tile_scp,256,3456,192,64,32,32,0,1,1,4294967295
tile_scp,256,3488,192,64,32,32,0,1,1,4294967295
tile_scp,256,3520,192,64,32,32,0,1,1,4294967295
tile_scp,256,3552,192,64,32,32,0,1,1,4294967295
tile_scp,256,3584,192,64,32,32,0,1,1,4294967295
tile_scp,256,3616,192,64,32,32,0,1,1,4294967295
tile_scp,512,3232,192,64,32,32,0,1,1,4294967295
tile_scp,512,3264,192,64,32,32,0,1,1,4294967295
tile_scp,512,3296,192,64,32,32,0,1,1,4294967295
tile_scp,512,3328,192,64,32,32,0,1,1,4294967295
tile_scp,512,3360,192,64,32,32,0,1,1,4294967295
tile_scp,512,3392,192,64,32,32,0,1,1,4294967295
tile_scp,512,3424,192,64,32,32,0,1,1,4294967295
tile_scp,512,3456,192,64,32,32,0,1,1,4294967295
tile_scp,512,3488,192,64,32,32,0,1,1,4294967295
tile_scp,512,3520,192,64,32,32,0,1,1,4294967295
tile_scp,512,3552,192,64,32,32,0,1,1,4294967295
tile_scp,512,3584,192,64,32,32,0,1,1,4294967295
tile_scp,512,3616,192,64,32,32,0,1,1,4294967295
tile_scp,512,3648,192,64,32,32,0,1,1,4294967295
tile_scp,512,3680,192,64,32,32,0,1,1,4294967295
tile_scp,512,3712,192,64,32,32,0,1,1,4294967295
tile_scp,512,3744,192,64,32,32,0,1,1,4294967295
tile_scp,512,3776,192,64,32,32,0,1,1,4294967295
tile_scp,512,3808,192,64,32,32,0,1,1,4294967295
tile_scp,512,3840,192,64,32,32,0,1,1,4294967295
tile_scp,512,3872,192,64,32,32,0,1,1,4294967295
tile_scp,512,3904,192,64,32,32,0,1,1,4294967295
tile_scp,544,3232,64,96,32,32,0,1,1,4294967295
tile_scp,544,3424,64,96,32,32,0,1,1,4294967295
tile_scp,544,3456,64,96,32,32,0,1,1,4294967295
tile_scp,544,3488,64,96,32,32,0,1,1,4294967295
tile_scp,544,3520,64,96,32,32,0,1,1,4294967295
tile_scp,544,3552,64,96,32,32,0,1,1,4294967295
tile_scp,544,3584,64,96,32,32,0,1,1,4294967295
tile_scp,544,3616,64,96,32,32,0,1,1,4294967295
tile_scp,544,3648,64,96,32,32,0,1,1,4294967295
tile_scp,544,3680,64,96,32,32,0,1,1,4294967295
tile_scp,544,3712,64,96,32,32,0,1,1,4294967295
tile_scp,544,3744,64,96,32,32,0,1,1,4294967295
tile_scp,544,3776,64,96,32,32,0,1,1,4294967295
tile_scp,544,3808,64,96,32,32,0,1,1,4294967295
tile_scp,544,3840,64,96,32,32,0,1,1,4294967295
tile_scp,544,3872,64,96,32,32,0,1,1,4294967295
tile_scp,544,3904,64,96,32,32,0,1,1,4294967295
tile_scp,544,3392,64,96,32,32,0,1,1,4294967295
tile_scp,544,3360,64,96,32,32,0,1,1,4294967295
tile_scp,544,3328,64,96,32,32,0,1,1,4294967295
tile_scp,544,3296,64,96,32,32,0,1,1,4294967295
tile_scp,544,3264,64,96,32,32,0,1,1,4294967295
tile_scp,224,3232,96,96,32,32,0,1,1,4294967295
tile_scp,224,3264,96,96,32,32,0,1,1,4294967295
tile_scp,224,3296,96,96,32,32,0,1,1,4294967295
tile_scp,224,3328,96,96,32,32,0,1,1,4294967295
tile_scp,224,3360,96,96,32,32,0,1,1,4294967295
tile_scp,224,3392,96,96,32,32,0,1,1,4294967295
tile_scp,224,3424,96,96,32,32,0,1,1,4294967295
tile_scp,224,3456,96,96,32,32,0,1,1,4294967295
tile_scp,224,3488,96,96,32,32,0,1,1,4294967295
tile_scp,224,3520,96,96,32,32,0,1,1,4294967295
tile_scp,224,3552,96,96,32,32,0,1,1,4294967295
tile_scp,224,3584,96,96,32,32,0,1,1,4294967295
tile_scp,224,3616,96,96,32,32,0,1,1,4294967295
tile_scp,224,3648,96,96,32,32,0,1,1,4294967295
tile_scp,224,3680,96,96,32,32,0,1,1,4294967295
tile_scp,224,3712,96,96,32,32,0,1,1,4294967295
tile_scp,224,3744,96,96,32,32,0,1,1,4294967295
tile_scp,224,3776,96,96,32,32,0,1,1,4294967295
tile_scp,224,3808,96,96,32,32,0,1,1,4294967295
tile_scp,224,3840,96,96,32,32,0,1,1,4294967295
tile_scp,224,3872,96,96,32,32,0,1,1,4294967295
tile_scp,224,3904,96,96,32,32,0,1,1,4294967295
tile_scp,224,3936,96,96,32,32,0,1,1,4294967295
tile_scp,256,3904,192,64,32,32,0,1,1,4294967295
tile_scp,256,3936,192,64,32,32,0,1,1,4294967295
tile_scp,256,3936,192,64,32,32,0,1,1,4294967295
tile_scp,256,4032,192,64,32,32,0,1,1,4294967295
tile_scp,256,4000,192,64,32,32,0,1,1,4294967295
tile_scp,256,3968,192,64,32,32,0,1,1,4294967295
tile_scp,256,4352,192,64,32,32,0,1,1,4294967295
tile_scp,256,4384,192,64,32,32,0,1,1,4294967295
tile_scp,256,4416,192,64,32,32,0,1,1,4294967295
tile_scp,256,4448,192,64,32,32,0,1,1,4294967295
tile_scp,256,4480,192,64,32,32,0,1,1,4294967295
tile_scp,256,4512,192,64,32,32,0,1,1,4294967295
tile_scp,256,4544,192,64,32,32,0,1,1,4294967295
tile_scp,256,4576,192,64,32,32,0,1,1,4294967295
tile_scp,256,4064,192,64,32,32,0,1,1,4294967295
tile_scp,256,4096,192,64,32,32,0,1,1,4294967295
tile_scp,256,4128,192,64,32,32,0,1,1,4294967295
tile_scp,256,4160,192,64,32,32,0,1,1,4294967295
tile_scp,256,4192,192,64,32,32,0,1,1,4294967295
tile_scp,256,4224,192,64,32,32,0,1,1,4294967295
tile_scp,256,4256,192,64,32,32,0,1,1,4294967295
tile_scp,256,4288,192,64,32,32,0,1,1,4294967295
tile_scp,256,4320,192,64,32,32,0,1,1,4294967295
tile_scp,512,3936,192,64,32,32,0,1,1,4294967295
tile_scp,512,3968,192,64,32,32,0,1,1,4294967295
tile_scp,512,4000,192,64,32,32,0,1,1,4294967295
tile_scp,512,4032,192,64,32,32,0,1,1,4294967295
tile_scp,512,4064,192,64,32,32,0,1,1,4294967295
tile_scp,512,4096,192,64,32,32,0,1,1,4294967295
tile_scp,512,4128,192,64,32,32,0,1,1,4294967295
tile_scp,512,4160,192,64,32,32,0,1,1,4294967295
tile_scp,512,4192,192,64,32,32,0,1,1,4294967295
tile_scp,512,4224,192,64,32,32,0,1,1,4294967295
tile_scp,512,4256,192,64,32,32,0,1,1,4294967295
tile_scp,512,4288,192,64,32,32,0,1,1,4294967295
tile_scp,512,4320,192,64,32,32,0,1,1,4294967295
tile_scp,512,4352,192,64,32,32,0,1,1,4294967295
tile_scp,512,4384,192,64,32,32,0,1,1,4294967295
tile_scp,512,4416,192,64,32,32,0,1,1,4294967295
tile_scp,512,4448,192,64,32,32,0,1,1,4294967295
tile_scp,512,4480,192,64,32,32,0,1,1,4294967295
tile_scp,512,4512,192,64,32,32,0,1,1,4294967295
tile_scp,512,4544,192,64,32,32,0,1,1,4294967295
tile_scp,512,4576,192,64,32,32,0,1,1,4294967295
tile_scp,512,4608,192,64,32,32,0,1,1,4294967295
tile_scp,544,3936,64,96,32,32,0,1,1,4294967295
tile_scp,544,4128,64,96,32,32,0,1,1,4294967295
tile_scp,544,4160,64,96,32,32,0,1,1,4294967295
tile_scp,544,4192,64,96,32,32,0,1,1,4294967295
tile_scp,544,4224,64,96,32,32,0,1,1,4294967295
tile_scp,544,4256,64,96,32,32,0,1,1,4294967295
tile_scp,544,4288,64,96,32,32,0,1,1,4294967295
tile_scp,544,4320,64,96,32,32,0,1,1,4294967295
tile_scp,544,4352,64,96,32,32,0,1,1,4294967295
tile_scp,544,4384,64,96,32,32,0,1,1,4294967295
tile_scp,544,4416,64,96,32,32,0,1,1,4294967295
tile_scp,544,4448,64,96,32,32,0,1,1,4294967295
tile_scp,544,4480,64,96,32,32,0,1,1,4294967295
tile_scp,544,4512,64,96,32,32,0,1,1,4294967295
tile_scp,544,4544,64,96,32,32,0,1,1,4294967295
tile_scp,544,4576,64,96,32,32,0,1,1,4294967295
tile_scp,544,4608,64,96,32,32,0,1,1,4294967295
tile_scp,544,4096,64,96,32,32,0,1,1,4294967295
tile_scp,544,4064,64,96,32,32,0,1,1,4294967295
tile_scp,544,4032,64,96,32,32,0,1,1,4294967295
tile_scp,544,4000,64,96,32,32,0,1,1,4294967295
tile_scp,544,3968,64,96,32,32,0,1,1,4294967295
tile_scp,224,3936,96,96,32,32,0,1,1,4294967295
tile_scp,224,3968,96,96,32,32,0,1,1,4294967295
tile_scp,224,4000,96,96,32,32,0,1,1,4294967295
tile_scp,224,4032,96,96,32,32,0,1,1,4294967295
tile_scp,224,4064,96,96,32,32,0,1,1,4294967295
tile_scp,224,4096,96,96,32,32,0,1,1,4294967295
tile_scp,224,4128,96,96,32,32,0,1,1,4294967295
tile_scp,224,4160,96,96,32,32,0,1,1,4294967295
tile_scp,224,4192,96,96,32,32,0,1,1,4294967295
tile_scp,224,4224,96,96,32,32,0,1,1,4294967295
tile_scp,224,4256,96,96,32,32,0,1,1,4294967295
tile_scp,224,4288,96,96,32,32,0,1,1,4294967295
tile_scp,224,4320,96,96,32,32,0,1,1,4294967295
tile_scp,224,4352,96,96,32,32,0,1,1,4294967295
tile_scp,224,4384,96,96,32,32,0,1,1,4294967295
tile_scp,224,4416,96,96,32,32,0,1,1,4294967295
tile_scp,224,4448,96,96,32,32,0,1,1,4294967295
tile_scp,224,4480,96,96,32,32,0,1,1,4294967295
tile_scp,224,4512,96,96,32,32,0,1,1,4294967295
tile_scp,224,4544,96,96,32,32,0,1,1,4294967295
tile_scp,224,4576,96,96,32,32,0,1,1,4294967295
tile_scp,224,4608,96,96,32,32,0,1,1,4294967295
tile_scp,224,4640,96,96,32,32,0,1,1,4294967295
tile_scp,256,4608,192,64,32,32,0,1,1,4294967295
tile_scp,256,4640,192,64,32,32,0,1,1,4294967295
tile_scp,256,4640,192,64,32,32,0,1,1,4294967295
tile_scp,256,4736,192,64,32,32,0,1,1,4294967295
tile_scp,256,4704,192,64,32,32,0,1,1,4294967295
tile_scp,256,4672,192,64,32,32,0,1,1,4294967295
tile_scp,256,5056,192,64,32,32,0,1,1,4294967295
tile_scp,256,5088,192,64,32,32,0,1,1,4294967295
tile_scp,256,5120,192,64,32,32,0,1,1,4294967295
tile_scp,256,5152,192,64,32,32,0,1,1,4294967295
tile_scp,256,5184,192,64,32,32,0,1,1,4294967295
tile_scp,256,5216,192,64,32,32,0,1,1,4294967295
tile_scp,256,5248,192,64,32,32,0,1,1,4294967295
tile_scp,256,5280,192,64,32,32,0,1,1,4294967295
tile_scp,256,4768,192,64,32,32,0,1,1,4294967295
tile_scp,256,4800,192,64,32,32,0,1,1,4294967295
tile_scp,256,4832,192,64,32,32,0,1,1,4294967295
tile_scp,256,4864,192,64,32,32,0,1,1,4294967295
tile_scp,256,4896,192,64,32,32,0,1,1,4294967295
tile_scp,256,4928,192,64,32,32,0,1,1,4294967295
tile_scp,256,4960,192,64,32,32,0,1,1,4294967295
tile_scp,256,4992,192,64,32,32,0,1,1,4294967295
tile_scp,256,5024,192,64,32,32,0,1,1,4294967295
tile_scp,512,4640,192,64,32,32,0,1,1,4294967295
tile_scp,512,4672,192,64,32,32,0,1,1,4294967295
tile_scp,512,4704,192,64,32,32,0,1,1,4294967295
tile_scp,512,4736,192,64,32,32,0,1,1,4294967295
tile_scp,512,4768,192,64,32,32,0,1,1,4294967295
tile_scp,512,4800,192,64,32,32,0,1,1,4294967295
tile_scp,512,4832,192,64,32,32,0,1,1,4294967295
tile_scp,512,4864,192,64,32,32,0,1,1,4294967295
tile_scp,512,4896,192,64,32,32,0,1,1,4294967295
tile_scp,512,4928,192,64,32,32,0,1,1,4294967295
tile_scp,512,4960,192,64,32,32,0,1,1,4294967295
tile_scp,512,4992,192,64,32,32,0,1,1,4294967295
tile_scp,512,5024,192,64,32,32,0,1,1,4294967295
tile_scp,512,5056,192,64,32,32,0,1,1,4294967295
tile_scp,512,5088,192,64,32,32,0,1,1,4294967295
tile_scp,512,5120,192,64,32,32,0,1,1,4294967295
tile_scp,512,5152,192,64,32,32,0,1,1,4294967295
tile_scp,512,5184,192,64,32,32,0,1,1,4294967295
tile_scp,512,5216,192,64,32,32,0,1,1,4294967295
tile_scp,512,5248,192,64,32,32,0,1,1,4294967295
tile_scp,512,5280,192,64,32,32,0,1,1,4294967295
tile_scp,512,5312,192,64,32,32,0,1,1,4294967295
tile_scp,544,4640,64,96,32,32,0,1,1,4294967295
tile_scp,544,4832,64,96,32,32,0,1,1,4294967295
tile_scp,544,4864,64,96,32,32,0,1,1,4294967295
tile_scp,544,4896,64,96,32,32,0,1,1,4294967295
tile_scp,544,4928,64,96,32,32,0,1,1,4294967295
tile_scp,544,4960,64,96,32,32,0,1,1,4294967295
tile_scp,544,4992,64,96,32,32,0,1,1,4294967295
tile_scp,544,5024,64,96,32,32,0,1,1,4294967295
tile_scp,544,5056,64,96,32,32,0,1,1,4294967295
tile_scp,544,5088,64,96,32,32,0,1,1,4294967295
tile_scp,544,5120,64,96,32,32,0,1,1,4294967295
tile_scp,544,5152,64,96,32,32,0,1,1,4294967295
tile_scp,544,5184,64,96,32,32,0,1,1,4294967295
tile_scp,544,5216,64,96,32,32,0,1,1,4294967295
tile_scp,544,5248,64,96,32,32,0,1,1,4294967295
tile_scp,544,5280,64,96,32,32,0,1,1,4294967295
tile_scp,544,5312,64,96,32,32,0,1,1,4294967295
tile_scp,544,4800,64,96,32,32,0,1,1,4294967295
tile_scp,544,4768,64,96,32,32,0,1,1,4294967295
tile_scp,544,4736,64,96,32,32,0,1,1,4294967295
tile_scp,544,4704,64,96,32,32,0,1,1,4294967295
tile_scp,544,4672,64,96,32,32,0,1,1,4294967295
tile_scp,224,4640,96,96,32,32,0,1,1,4294967295
tile_scp,224,4672,96,96,32,32,0,1,1,4294967295
tile_scp,224,4704,96,96,32,32,0,1,1,4294967295
tile_scp,224,4736,96,96,32,32,0,1,1,4294967295
tile_scp,224,4768,96,96,32,32,0,1,1,4294967295
tile_scp,224,4800,96,96,32,32,0,1,1,4294967295
tile_scp,224,4832,96,96,32,32,0,1,1,4294967295
tile_scp,224,4864,96,96,32,32,0,1,1,4294967295
tile_scp,224,4896,96,96,32,32,0,1,1,4294967295
tile_scp,224,4928,96,96,32,32,0,1,1,4294967295
tile_scp,224,4960,96,96,32,32,0,1,1,4294967295
tile_scp,224,4992,96,96,32,32,0,1,1,4294967295
tile_scp,224,5024,96,96,32,32,0,1,1,4294967295
tile_scp,224,5056,96,96,32,32,0,1,1,4294967295
tile_scp,224,5088,96,96,32,32,0,1,1,4294967295
tile_scp,224,5120,96,96,32,32,0,1,1,4294967295
tile_scp,224,5152,96,96,32,32,0,1,1,4294967295
tile_scp,224,5184,96,96,32,32,0,1,1,4294967295
tile_scp,224,5216,96,96,32,32,0,1,1,4294967295
tile_scp,224,5248,96,96,32,32,0,1,1,4294967295
tile_scp,224,5280,96,96,32,32,0,1,1,4294967295
tile_scp,224,5312,96,96,32,32,0,1,1,4294967295
tile_scp,224,5344,96,96,32,32,0,1,1,4294967295
tile_scp,256,5312,192,64,32,32,0,1,1,4294967295
tile_scp,256,5344,192,64,32,32,0,1,1,4294967295
tile_scp,256,5344,192,64,32,32,0,1,1,4294967295
tile_scp,256,5440,192,64,32,32,0,1,1,4294967295
tile_scp,256,5408,192,64,32,32,0,1,1,4294967295
tile_scp,256,5376,192,64,32,32,0,1,1,4294967295
tile_scp,256,5760,192,64,32,32,0,1,1,4294967295
tile_scp,256,5792,192,64,32,32,0,1,1,4294967295
tile_scp,256,5824,192,64,32,32,0,1,1,4294967295
tile_scp,256,5856,192,64,32,32,0,1,1,4294967295
tile_scp,256,5888,192,64,32,32,0,1,1,4294967295
tile_scp,256,5920,192,64,32,32,0,1,1,4294967295
tile_scp,256,5952,192,64,32,32,0,1,1,4294967295
tile_scp,256,5984,192,64,32,32,0,1,1,4294967295
tile_scp,256,5472,192,64,32,32,0,1,1,4294967295
tile_scp,256,5504,192,64,32,32,0,1,1,4294967295
tile_scp,256,5536,192,64,32,32,0,1,1,4294967295
tile_scp,256,5568,192,64,32,32,0,1,1,4294967295
tile_scp,256,5600,192,64,32,32,0,1,1,4294967295
tile_scp,256,5632,192,64,32,32,0,1,1,4294967295
tile_scp,256,5664,192,64,32,32,0,1,1,4294967295
tile_scp,256,5696,192,64,32,32,0,1,1,4294967295
tile_scp,256,5728,192,64,32,32,0,1,1,4294967295
tile_scp,512,5344,192,64,32,32,0,1,1,4294967295
tile_scp,512,5376,192,64,32,32,0,1,1,4294967295
tile_scp,512,5408,192,64,32,32,0,1,1,4294967295
tile_scp,512,5440,192,64,32,32,0,1,1,4294967295
tile_scp,512,5472,192,64,32,32,0,1,1,4294967295
tile_scp,512,5504,192,64,32,32,0,1,1,4294967295
tile_scp,512,5536,192,64,32,32,0,1,1,4294967295
tile_scp,512,5568,192,64,32,32,0,1,1,4294967295
tile_scp,512,5600,192,64,32,32,0,1,1,4294967295
tile_scp,512,5632,192,64,32,32,0,1,1,4294967295
tile_scp,512,5664,192,64,32,32,0,1,1,4294967295
tile_scp,512,5696,192,64,32,32,0,1,1,4294967295
tile_scp,512,5728,192,64,32,32,0,1,1,4294967295
tile_scp,512,5760,192,64,32,32,0,1,1,4294967295
tile_scp,512,5792,192,64,32,32,0,1,1,4294967295
tile_scp,512,5824,192,64,32,32,0,1,1,4294967295
tile_scp,512,5856,192,64,32,32,0,1,1,4294967295
tile_scp,512,5888,192,64,32,32,0,1,1,4294967295
tile_scp,512,5920,192,64,32,32,0,1,1,4294967295
tile_scp,512,5952,192,64,32,32,0,1,1,4294967295
tile_scp,512,5984,192,64,32,32,0,1,1,4294967295
tile_scp,512,6016,192,64,32,32,0,1,1,4294967295
tile_scp,544,5344,64,96,32,32,0,1,1,4294967295
tile_scp,544,5536,64,96,32,32,0,1,1,4294967295
tile_scp,544,5568,64,96,32,32,0,1,1,4294967295
tile_scp,544,5600,64,96,32,32,0,1,1,4294967295
tile_scp,544,5632,64,96,32,32,0,1,1,4294967295
tile_scp,544,5664,64,96,32,32,0,1,1,4294967295
tile_scp,544,5696,64,96,32,32,0,1,1,4294967295
tile_scp,544,5728,64,96,32,32,0,1,1,4294967295
tile_scp,544,5760,64,96,32,32,0,1,1,4294967295
tile_scp,544,5792,64,96,32,32,0,1,1,4294967295
tile_scp,544,5824,64,96,32,32,0,1,1,4294967295
tile_scp,544,5856,64,96,32,32,0,1,1,4294967295
tile_scp,544,5888,64,96,32,32,0,1,1,4294967295
tile_scp,544,5920,64,96,32,32,0,1,1,4294967295
tile_scp,544,5952,64,96,32,32,0,1,1,4294967295
tile_scp,544,5984,64,96,32,32,0,1,1,4294967295
tile_scp,544,6016,64,96,32,32,0,1,1,4294967295
tile_scp,544,5504,64,96,32,32,0,1,1,4294967295
tile_scp,544,5472,64,96,32,32,0,1,1,4294967295
tile_scp,544,5440,64,96,32,32,0,1,1,4294967295
tile_scp,544,5408,64,96,32,32,0,1,1,4294967295
tile_scp,544,5376,64,96,32,32,0,1,1,4294967295
tile_scp,224,5344,96,96,32,32,0,1,1,4294967295
tile_scp,224,5376,96,96,32,32,0,1,1,4294967295
tile_scp,224,5408,96,96,32,32,0,1,1,4294967295
tile_scp,224,5440,96,96,32,32,0,1,1,4294967295
tile_scp,224,5472,96,96,32,32,0,1,1,4294967295
tile_scp,224,5504,96,96,32,32,0,1,1,4294967295
tile_scp,224,5536,96,96,32,32,0,1,1,4294967295
tile_scp,224,5568,96,96,32,32,0,1,1,4294967295
tile_scp,224,5600,96,96,32,32,0,1,1,4294967295
tile_scp,224,5632,96,96,32,32,0,1,1,4294967295
tile_scp,224,5664,96,96,32,32,0,1,1,4294967295
tile_scp,224,5696,96,96,32,32,0,1,1,4294967295
tile_scp,224,5728,96,96,32,32,0,1,1,4294967295
tile_scp,224,5760,96,96,32,32,0,1,1,4294967295
tile_scp,224,5792,96,96,32,32,0,1,1,4294967295
tile_scp,224,5824,96,96,32,32,0,1,1,4294967295
tile_scp,224,5856,96,96,32,32,0,1,1,4294967295
tile_scp,224,5888,96,96,32,32,0,1,1,4294967295
tile_scp,224,5920,96,96,32,32,0,1,1,4294967295
tile_scp,224,5952,96,96,32,32,0,1,1,4294967295
tile_scp,224,5984,96,96,32,32,0,1,1,4294967295
tile_scp,224,6016,96,96,32,32,0,1,1,4294967295
tile_scp,224,6048,96,96,32,32,0,1,1,4294967295
tile_scp,256,6016,192,64,32,32,0,1,1,4294967295
tile_scp,256,6048,192,64,32,32,0,1,1,4294967295
tile_scp,256,5696,192,64,32,32,0,1,1,4294967295
tile_scp,256,5792,192,64,32,32,0,1,1,4294967295
tile_scp,256,5760,192,64,32,32,0,1,1,4294967295
tile_scp,256,5728,192,64,32,32,0,1,1,4294967295
tile_scp,256,6112,192,64,32,32,0,1,1,4294967295
tile_scp,256,6144,192,64,32,32,0,1,1,4294967295
tile_scp,256,6176,192,64,32,32,0,1,1,4294967295
tile_scp,256,6208,192,64,32,32,0,1,1,4294967295
tile_scp,256,6240,192,64,32,32,0,1,1,4294967295
tile_scp,256,6272,192,64,32,32,0,1,1,4294967295
tile_scp,256,6304,192,64,32,32,0,1,1,4294967295
tile_scp,256,6336,192,64,32,32,0,1,1,4294967295
tile_scp,256,5824,192,64,32,32,0,1,1,4294967295
tile_scp,256,5856,192,64,32,32,0,1,1,4294967295
tile_scp,256,5888,192,64,32,32,0,1,1,4294967295
tile_scp,256,5920,192,64,32,32,0,1,1,4294967295
tile_scp,256,5952,192,64,32,32,0,1,1,4294967295
tile_scp,256,5984,192,64,32,32,0,1,1,4294967295
tile_scp,256,6016,192,64,32,32,0,1,1,4294967295
tile_scp,256,6048,192,64,32,32,0,1,1,4294967295
tile_scp,256,6080,192,64,32,32,0,1,1,4294967295
tile_scp,512,5696,192,64,32,32,0,1,1,4294967295
tile_scp,512,5728,192,64,32,32,0,1,1,4294967295
tile_scp,512,5760,192,64,32,32,0,1,1,4294967295
tile_scp,512,5792,192,64,32,32,0,1,1,4294967295
tile_scp,512,5824,192,64,32,32,0,1,1,4294967295
tile_scp,512,5856,192,64,32,32,0,1,1,4294967295
tile_scp,512,5888,192,64,32,32,0,1,1,4294967295
tile_scp,512,5920,192,64,32,32,0,1,1,4294967295
tile_scp,512,5952,192,64,32,32,0,1,1,4294967295
tile_scp,512,5984,192,64,32,32,0,1,1,4294967295
tile_scp,512,6016,192,64,32,32,0,1,1,4294967295
tile_scp,512,6048,192,64,32,32,0,1,1,4294967295
tile_scp,512,6080,192,64,32,32,0,1,1,4294967295
tile_scp,512,6112,192,64,32,32,0,1,1,4294967295
tile_scp,512,6144,192,64,32,32,0,1,1,4294967295
tile_scp,512,6176,192,64,32,32,0,1,1,4294967295
tile_scp,512,6208,192,64,32,32,0,1,1,4294967295
tile_scp,512,6240,192,64,32,32,0,1,1,4294967295
tile_scp,512,6272,192,64,32,32,0,1,1,4294967295
tile_scp,512,6304,192,64,32,32,0,1,1,4294967295
tile_scp,512,6336,192,64,32,32,0,1,1,4294967295
tile_scp,512,6368,192,64,32,32,0,1,1,4294967295
tile_scp,544,5696,64,96,32,32,0,1,1,4294967295
tile_scp,544,5888,64,96,32,32,0,1,1,4294967295
tile_scp,544,5920,64,96,32,32,0,1,1,4294967295
tile_scp,544,5952,64,96,32,32,0,1,1,4294967295
tile_scp,544,5984,64,96,32,32,0,1,1,4294967295
tile_scp,544,6016,64,96,32,32,0,1,1,4294967295
tile_scp,544,6048,64,96,32,32,0,1,1,4294967295
tile_scp,544,6080,64,96,32,32,0,1,1,4294967295
tile_scp,544,6112,64,96,32,32,0,1,1,4294967295
tile_scp,544,6144,64,96,32,32,0,1,1,4294967295
tile_scp,544,6176,64,96,32,32,0,1,1,4294967295
tile_scp,544,6208,64,96,32,32,0,1,1,4294967295
tile_scp,544,6240,64,96,32,32,0,1,1,4294967295
tile_scp,544,6272,64,96,32,32,0,1,1,4294967295
tile_scp,544,6304,64,96,32,32,0,1,1,4294967295
tile_scp,544,6336,64,96,32,32,0,1,1,4294967295
tile_scp,544,6368,64,96,32,32,0,1,1,4294967295
tile_scp,544,5856,64,96,32,32,0,1,1,4294967295
tile_scp,544,5824,64,96,32,32,0,1,1,4294967295
tile_scp,544,5792,64,96,32,32,0,1,1,4294967295
tile_scp,544,5760,64,96,32,32,0,1,1,4294967295
tile_scp,544,5728,64,96,32,32,0,1,1,4294967295
tile_scp,224,5696,96,96,32,32,0,1,1,4294967295
tile_scp,224,5728,96,96,32,32,0,1,1,4294967295
tile_scp,224,5760,96,96,32,32,0,1,1,4294967295
tile_scp,224,5792,96,96,32,32,0,1,1,4294967295
tile_scp,224,5824,96,96,32,32,0,1,1,4294967295
tile_scp,224,5856,96,96,32,32,0,1,1,4294967295
tile_scp,224,5888,96,96,32,32,0,1,1,4294967295
tile_scp,224,5920,96,96,32,32,0,1,1,4294967295
tile_scp,224,5952,96,96,32,32,0,1,1,4294967295
tile_scp,224,5984,96,96,32,32,0,1,1,4294967295
tile_scp,224,6016,96,96,32,32,0,1,1,4294967295
tile_scp,224,6048,96,96,32,32,0,1,1,4294967295
tile_scp,224,6080,96,96,32,32,0,1,1,4294967295
tile_scp,224,6112,96,96,32,32,0,1,1,4294967295
tile_scp,224,6144,96,96,32,32,0,1,1,4294967295
tile_scp,224,6176,96,96,32,32,0,1,1,4294967295
tile_scp,224,6208,96,96,32,32,0,1,1,4294967295
tile_scp,224,6240,96,96,32,32,0,1,1,4294967295
tile_scp,224,6272,96,96,32,32,0,1,1,4294967295
tile_scp,224,6304,96,96,32,32,0,1,1,4294967295
tile_scp,224,6336,96,96,32,32,0,1,1,4294967295
tile_scp,224,6368,96,96,32,32,0,1,1,4294967295
tile_scp,224,6400,96,96,32,32,0,1,1,4294967295
tile_scp,256,6368,192,64,32,32,0,1,1,4294967295
tile_scp,256,6400,192,64,32,32,0,1,1,4294967295
