Block,32,224,D95294DE,0,1,1,4294967295,0,0
Block,64,224,EDA99995,0,1,1,4294967295,0,0
Block,96,224,211C8CF2,0,1,1,4294967295,0,0
Block,128,224,7FA196DD,0,1,1,4294967295,0,0
Block,160,224,284C3F71,0,1,1,4294967295,0,0
Block,192,224,32D3E5C3,0,1,1,4294967295,0,0
Block,224,224,A0175B88,0,1,1,4294967295,0,0
Block,256,224,16270DB7,0,1,1,4294967295,0,0
Block,32,192,9D00FA55,0,1,1,4294967295,0,0
Block,32,160,BF995E16,0,1,1,4294967295,0,0
Block,32,128,F7012BFE,0,1,1,4294967295,0,0
Block,32,96,C6E2F701,0,1,1,4294967295,0,0
Block,32,64,FE1A038D,0,1,1,4294967295,0,0
Block,32,32,74ADA365,0,1,1,4294967295,0,0
Block,64,32,D4C70927,0,1,1,4294967295,0,0
Block,96,32,B5C08A2B,0,14,1,4294967295,0,0
Block,512,64,9251DAF2,0,2,189,4294967295,0,0
Block,256,256,6F5F26E1,0,1,180,4294967295,0,0
Door,96,128,8125E227,0,1,1,4294967295,0,1
OverheadLight,96,64,E2BD5A57,0,1,1,4294967295,0,1
Stairs,288,256,B227F646,0,1,1,4294967295,0,0
StairPlatform,384,250,F8BFE402,0,-1,1,4294967295,0,0
StairPlatform,416,416,1582EEED,0,1,1,4294967295,0,0
Stairs,500,422,A6C6AF57,0,-1,1,4294967295,0,0
StairPlatform,384,582,F0920308,0,-1,1,4294967295,0,0
Stairs,298,587,E5E7EF50,0,1,1,4294967295,0,0
StairPlatform,416,747,47D89290,0,1,1,4294967295,0,0
Stairs,484,753,181C58F3,0,-1,1,4294967295,0,0
StairPlatform,384,913,6C49B2ED,0,-1,1,4294967295,0,0
Stairs,304,919,217E9A3E,0,1,1,4294967295,0,0
StairPlatform,416,1079,01A6404E,0,1,1,4294967295,0,0
Stairs,492,1085,59C7E24A,0,-1,1,4294967295,0,0
StairPlatform,383,1245,A919A2B6,0,-1,1,4294967295,0,0
Stairs,304,1251,F8026A17,0,1,1,4294967295,0,0
StairPlatform,416,1408,B280C3E9,0,1,1,4294967295,0,0
Stairs,500,1414,1B9B0536,0,-1,1,4294967295,0,0
StairPlatform,384,1573,0E54F8A5,0,-1,1,4294967295,0,0
Stairs,321,1579,39FC3FF1,0,1,1,4294967295,0,0
StairPlatform,416,1739,2501D380,0,1,1,4294967295,0,0
SCP087,320,1696,F8CB4119,0,0.5,0.5,4294967295,0,0
Stairs,484,1744,CEACBAAF,0,-1,1,4294967295,0,0
StairPlatform,384,1904,A053D9B1,0,-1,1,4294967295,0,0
StairsBroken,352,1910,9650AA01,0,1,1,4294967295,0,0
Folder,384,1824,7EDE1007,0,1,1,4294967295,0,1
Lanyard,448,1824,719C03A9,0,1,1,4294967295,0,1
MusicPlayer,96,288,EE3F0F1C,0,1,1,4294967295,0,1
CameraOverride,48,352,D3C9392D,0,1,1,4294967295,0,1
RedLight,288,320,B71A376D,0,1,1,4294967295,0,0
RedLight,512,480,399EBA68,0,-1,1,4294967295,0,0
RedLight,288,768,376B04F5,0,1,1,4294967295,0,0
RedLight,512,1312,1ADE6FC7,0,-1,1,4294967295,0,0
RedLight,512,1970,B06E6FC5,0,-1,1,4294967295,0,0
Dummy,96,352,B1240027,0,1,1,4294967295,0,0
PlayerStart,112,192,C4A7D300,0,1,1,4294967295,0,0
DarknessManager,32,288,39123FE8,0,1,1,4294967295,0,1
