tile_scp,96,256,32,64,32,32,0,1,1,4294967295
tile_scp,128,256,32,64,32,32,0,1,1,4294967295
tile_scp,160,256,32,64,32,32,0,1,1,4294967295
tile_scp,192,256,32,64,32,32,0,1,1,4294967295
tile_scp,224,256,32,64,32,32,0,1,1,4294967295
tile_scp,256,256,32,64,32,32,0,1,1,4294967295
tile_scp,288,256,32,64,32,32,0,1,1,4294967295
tile_scp,352,256,32,64,32,32,0,1,1,4294967295
tile_scp,384,256,32,64,32,32,0,1,1,4294967295
tile_scp,416,544,32,64,32,32,0,1,1,4294967295
tile_scp,448,544,32,64,32,32,0,1,1,4294967295
tile_scp,480,544,32,64,32,32,0,1,1,4294967295
tile_scp,512,544,32,64,32,32,0,1,1,4294967295
tile_scp,544,544,32,64,32,32,0,1,1,4294967295
tile_scp,576,544,32,64,32,32,0,1,1,4294967295
tile_scp,608,544,32,64,32,32,0,1,1,4294967295
tile_scp,640,544,32,64,32,32,0,1,1,4294967295
tile_scp,672,544,32,64,32,32,0,1,1,4294967295
tile_scp,64,256,0,64,32,32,0,1,1,4294967295
tile_scp,416,256,32,64,32,32,0,1,1,4294967295
tile_scp,704,544,64,64,32,32,0,1,1,4294967295
tile_scp,96,64,128,64,32,32,0,1,1,4294967295
tile_scp,128,64,128,64,32,32,0,1,1,4294967295
tile_scp,160,64,128,64,32,32,0,1,1,4294967295
tile_scp,256,64,128,64,32,32,0,1,1,4294967295
tile_scp,288,64,128,64,32,32,0,1,1,4294967295
tile_scp,352,64,128,64,32,32,0,1,1,4294967295
tile_scp,384,64,128,64,32,32,0,1,1,4294967295
tile_scp,416,64,128,64,32,32,0,1,1,4294967295
tile_scp,416,352,128,64,32,32,0,1,1,4294967295
tile_scp,448,352,128,64,32,32,0,1,1,4294967295
tile_scp,480,352,128,64,32,32,0,1,1,4294967295
tile_scp,512,352,128,64,32,32,0,1,1,4294967295
tile_scp,544,352,128,64,32,32,0,1,1,4294967295
tile_scp,576,352,128,64,32,32,0,1,1,4294967295
tile_scp,608,352,128,64,32,32,0,1,1,4294967295
tile_scp,640,352,128,64,32,32,0,1,1,4294967295
tile_scp,672,352,128,64,32,32,0,1,1,4294967295
tile_scp,64,64,96,64,32,32,0,1,1,4294967295
tile_scp,704,352,160,64,32,32,0,1,1,4294967295
tile_scp,64,96,192,64,32,32,0,1,1,4294967295
tile_scp,64,128,192,64,32,32,0,1,1,4294967295
tile_scp,64,160,192,64,32,32,0,1,1,4294967295
tile_scp,64,192,192,64,32,32,0,1,1,4294967295
tile_scp,64,224,192,64,32,32,0,1,1,4294967295
tile_scp,704,512,192,64,32,32,0,1,1,4294967295
tile_scp,704,480,192,64,32,32,0,1,1,4294967295
tile_scp,704,448,192,64,32,32,0,1,1,4294967295
tile_scp,704,416,192,64,32,32,0,1,1,4294967295
tile_scp,704,384,192,64,32,32,0,1,1,4294967295
tile_scp,32,256,96,96,32,32,0,1,1,4294967295
tile_scp,32,224,96,96,32,32,0,1,1,4294967295
tile_scp,32,192,96,96,32,32,0,1,1,4294967295
tile_scp,32,160,96,96,32,32,0,1,1,4294967295
tile_scp,32,96,96,96,32,32,0,1,1,4294967295
tile_scp,32,64,96,96,32,32,0,1,1,4294967295
tile_scp,32,128,96,96,32,32,0,1,1,4294967295
tile_scp,736,544,64,96,32,32,0,1,1,4294967295
tile_scp,736,512,64,96,32,32,0,1,1,4294967295
tile_scp,736,480,64,96,32,32,0,1,1,4294967295
tile_scp,736,448,64,96,32,32,0,1,1,4294967295
tile_scp,736,416,64,96,32,32,0,1,1,4294967295
tile_scp,736,384,64,96,32,32,0,1,1,4294967295
tile_scp,736,352,64,96,32,32,0,1,1,4294967295
tile_scp,64,32,32,96,32,32,0,1,1,4294967295
tile_scp,96,32,32,96,32,32,0,1,1,4294967295
tile_scp,128,32,32,96,32,32,0,1,1,4294967295
tile_scp,160,32,32,96,32,32,0,1,1,4294967295
tile_scp,192,32,32,96,32,32,0,1,1,4294967295
tile_scp,224,32,32,96,32,32,0,1,1,4294967295
tile_scp,256,32,32,96,32,32,0,1,1,4294967295
tile_scp,576,320,32,96,32,32,0,1,1,4294967295
tile_scp,608,320,32,96,32,32,0,1,1,4294967295
tile_scp,640,320,32,96,32,32,0,1,1,4294967295
tile_scp,672,320,32,96,32,32,0,1,1,4294967295
tile_scp,704,320,32,96,32,32,0,1,1,4294967295
tile_scp,544,320,32,96,32,32,0,1,1,4294967295
tile_scp,512,320,32,96,32,32,0,1,1,4294967295
tile_scp,480,320,32,96,32,32,0,1,1,4294967295
tile_scp,448,320,32,96,32,32,0,1,1,4294967295
tile_scp,416,320,32,96,32,32,0,1,1,4294967295
tile_scp,384,32,32,96,32,32,0,1,1,4294967295
tile_scp,352,32,32,96,32,32,0,1,1,4294967295
tile_scp,320,32,32,96,32,32,0,1,1,4294967295
tile_scp,288,32,32,96,32,32,0,1,1,4294967295
tile_scp,64,288,0,96,32,32,0,1,1,4294967295
tile_scp,96,288,0,96,32,32,0,1,1,4294967295
tile_scp,128,288,0,96,32,32,0,1,1,4294967295
tile_scp,160,288,0,96,32,32,0,1,1,4294967295
tile_scp,192,288,0,96,32,32,0,1,1,4294967295
tile_scp,224,288,0,96,32,32,0,1,1,4294967295
tile_scp,256,288,0,96,32,32,0,1,1,4294967295
tile_scp,448,576,0,96,32,32,0,1,1,4294967295
tile_scp,480,576,0,96,32,32,0,1,1,4294967295
tile_scp,512,576,0,96,32,32,0,1,1,4294967295
tile_scp,544,576,0,96,32,32,0,1,1,4294967295
tile_scp,640,576,0,96,32,32,0,1,1,4294967295
tile_scp,672,576,0,96,32,32,0,1,1,4294967295
tile_scp,608,576,0,96,32,32,0,1,1,4294967295
tile_scp,576,576,0,96,32,32,0,1,1,4294967295
tile_scp,416,576,0,96,32,32,0,1,1,4294967295
tile_scp,416,288,0,96,32,32,0,1,1,4294967295
tile_scp,384,288,0,96,32,32,0,1,1,4294967295
tile_scp,352,288,0,96,32,32,0,1,1,4294967295
tile_scp,320,288,0,96,32,32,0,1,1,4294967295
tile_scp,288,288,0,96,32,32,0,1,1,4294967295
tile_scp,736,576,128,96,32,32,0,1,1,4294967295
tile_scp,704,576,0,96,32,32,0,1,1,4294967295
tile_scp,32,288,160,96,32,32,0,1,1,4294967295
tile_scp,736,320,192,96,32,32,0,1,1,4294967295
tile_scp,32,32,224,96,32,32,0,1,1,4294967295
tile_scp,192,128,128,64,32,32,0,1,1,4294967295
tile_scp,224,128,128,64,32,32,0,1,1,4294967295
tile_scp,192,96,192,64,32,32,0,1,1,4294967295
tile_scp,224,96,192,64,32,32,0,1,1,4294967295
tile_scp,192,64,160,64,32,32,0,1,1,4294967295
tile_scp,224,64,96,64,32,32,0,1,1,4294967295
tile_scp,320,64,128,64,32,32,0,1,1,4294967295
tile_scp,320,256,32,64,32,32,0,1,1,4294967295
tile_scp,96,96,224,0,32,32,0,1,1,4294967295
tile_scp,128,96,224,0,32,32,0,1,1,4294967295
tile_scp,160,96,224,0,32,32,0,1,1,4294967295
tile_scp,256,96,224,0,32,32,0,1,1,4294967295
tile_scp,288,96,224,0,32,32,0,1,1,4294967295
tile_scp,320,96,224,0,32,32,0,1,1,4294967295
tile_scp,352,96,224,0,32,32,0,1,1,4294967295
tile_scp,384,96,224,0,32,32,0,1,1,4294967295
tile_scp,416,96,224,0,32,32,0,1,1,4294967295
tile_scp,448,384,224,0,32,32,0,1,1,4294967295
tile_scp,480,384,224,0,32,32,0,1,1,4294967295
tile_scp,544,384,224,0,32,32,0,1,1,4294967295
tile_scp,576,384,224,0,32,32,0,1,1,4294967295
tile_scp,608,384,224,0,32,32,0,1,1,4294967295
tile_scp,672,384,224,0,32,32,0,1,1,4294967295
tile_scp,640,448,224,0,32,32,0,1,1,4294967295
tile_scp,608,448,224,0,32,32,0,1,1,4294967295
tile_scp,544,448,224,0,32,32,0,1,1,4294967295
tile_scp,512,448,224,0,32,32,0,1,1,4294967295
tile_scp,448,448,224,0,32,32,0,1,1,4294967295
tile_scp,672,512,224,0,32,32,0,1,1,4294967295
tile_scp,640,512,224,0,32,32,0,1,1,4294967295
tile_scp,576,512,224,0,32,32,0,1,1,4294967295
tile_scp,544,512,224,0,32,32,0,1,1,4294967295
tile_scp,512,512,224,0,32,32,0,1,1,4294967295
tile_scp,448,512,224,0,32,32,0,1,1,4294967295
tile_scp,416,512,224,0,32,32,0,1,1,4294967295
tile_scp,448,224,224,0,32,32,0,1,1,4294967295
tile_scp,416,224,224,0,32,32,0,1,1,4294967295
tile_scp,384,224,224,0,32,32,0,1,1,4294967295
tile_scp,320,224,224,0,32,32,0,1,1,4294967295
tile_scp,288,224,224,0,32,32,0,1,1,4294967295
tile_scp,256,224,224,0,32,32,0,1,1,4294967295
tile_scp,224,224,224,0,32,32,0,1,1,4294967295
tile_scp,192,224,224,0,32,32,0,1,1,4294967295
tile_scp,160,224,224,0,32,32,0,1,1,4294967295
tile_scp,128,224,224,0,32,32,0,1,1,4294967295
tile_scp,96,224,224,0,32,32,0,1,1,4294967295
tile_scp,96,160,224,0,32,32,0,1,1,4294967295
tile_scp,128,160,224,0,32,32,0,1,1,4294967295
tile_scp,224,160,224,0,32,32,0,1,1,4294967295
tile_scp,256,160,224,0,32,32,0,1,1,4294967295
tile_scp,288,160,224,0,32,32,0,1,1,4294967295
tile_scp,320,160,224,0,32,32,0,1,1,4294967295
tile_scp,448,160,224,0,32,32,0,1,1,4294967295
tile_scp,96,128,224,32,32,32,0,1,1,4294967295
tile_scp,128,128,224,32,32,32,0,1,1,4294967295
tile_scp,160,128,224,32,32,32,0,1,1,4294967295
tile_scp,256,128,224,32,32,32,0,1,1,4294967295
tile_scp,288,128,224,32,32,32,0,1,1,4294967295
tile_scp,320,128,224,32,32,32,0,1,1,4294967295
tile_scp,352,128,224,32,32,32,0,1,1,4294967295
tile_scp,384,128,224,32,32,32,0,1,1,4294967295
tile_scp,416,128,224,32,32,32,0,1,1,4294967295
tile_scp,448,416,224,32,32,32,0,1,1,4294967295
tile_scp,480,416,224,32,32,32,0,1,1,4294967295
tile_scp,544,416,224,32,32,32,0,1,1,4294967295
tile_scp,576,416,224,32,32,32,0,1,1,4294967295
tile_scp,608,416,224,32,32,32,0,1,1,4294967295
tile_scp,672,416,224,32,32,32,0,1,1,4294967295
tile_scp,640,480,224,32,32,32,0,1,1,4294967295
tile_scp,608,480,224,32,32,32,0,1,1,4294967295
tile_scp,544,480,224,32,32,32,0,1,1,4294967295
tile_scp,512,480,224,32,32,32,0,1,1,4294967295
tile_scp,448,480,224,32,32,32,0,1,1,4294967295
tile_scp,448,192,224,32,32,32,0,1,1,4294967295
tile_scp,320,192,224,32,32,32,0,1,1,4294967295
tile_scp,288,192,224,32,32,32,0,1,1,4294967295
tile_scp,256,192,224,32,32,32,0,1,1,4294967295
tile_scp,128,192,224,32,32,32,0,1,1,4294967295
tile_scp,96,192,224,32,32,32,0,1,1,4294967295
tile_scp,224,192,224,32,32,32,0,1,1,4294967295
tile_scp,576,448,64,0,32,32,0,1,1,4294967295
tile_scp,640,384,64,0,32,32,0,1,1,4294967295
tile_scp,640,416,64,32,32,32,0,1,1,4294967295
tile_scp,576,480,64,32,32,32,0,1,1,4294967295
tile_scp,480,480,192,32,32,32,0,1,1,4294967295
tile_scp,480,448,192,0,32,32,0,1,1,4294967295
tile_scp,480,512,224,0,32,32,0,1,1,4294967295
tile_scp,512,384,160,0,32,32,0,1,1,4294967295
tile_scp,512,416,160,32,32,32,0,1,1,4294967295
tile_scp,608,512,160,0,32,32,0,1,1,4294967295
tile_scp,416,384,0,0,32,32,0,1,1,4294967295
tile_scp,416,416,0,32,32,32,0,1,1,4294967295
tile_scp,672,448,32,0,32,32,0,1,1,4294967295
tile_scp,672,480,32,32,32,32,0,1,1,4294967295
tile_scp,384,160,192,0,32,32,0,1,1,4294967295
tile_scp,384,192,192,32,32,32,0,1,1,4294967295
tile_scp,416,160,160,0,32,32,0,1,1,4294967295
tile_scp,416,192,160,32,32,32,0,1,1,4294967295
tile_scp,192,160,128,0,32,32,0,1,1,4294967295
tile_scp,160,192,96,32,32,32,0,1,1,4294967295
tile_scp,192,192,128,32,32,32,0,1,1,4294967295
tile_scp,160,160,96,0,32,32,0,1,1,4294967295
tile_scp,384,352,128,64,32,32,0,1,1,4294967295
tile_scp,352,352,128,64,32,32,0,1,1,4294967295
tile_scp,320,352,128,64,32,32,0,1,1,4294967295
tile_scp,288,352,128,64,32,32,0,1,1,4294967295
tile_scp,256,352,128,64,32,32,0,1,1,4294967295
tile_scp,224,352,128,64,32,32,0,1,1,4294967295
tile_scp,192,352,128,64,32,32,0,1,1,4294967295
tile_scp,160,352,96,64,32,32,0,1,1,4294967295
tile_scp,160,544,0,64,32,32,0,1,1,4294967295
tile_scp,192,544,32,64,32,32,0,1,1,4294967295
tile_scp,224,544,32,64,32,32,0,1,1,4294967295
tile_scp,256,544,32,64,32,32,0,1,1,4294967295
tile_scp,288,544,32,64,32,32,0,1,1,4294967295
tile_scp,320,544,32,64,32,32,0,1,1,4294967295
tile_scp,352,544,32,64,32,32,0,1,1,4294967295
tile_scp,384,544,32,64,32,32,0,1,1,4294967295
tile_scp,160,512,192,64,32,32,0,1,1,4294967295
tile_scp,160,480,192,64,32,32,0,1,1,4294967295
tile_scp,160,448,192,64,32,32,0,1,1,4294967295
tile_scp,160,416,192,64,32,32,0,1,1,4294967295
tile_scp,160,384,192,64,32,32,0,1,1,4294967295
tile_scp,384,576,0,96,32,32,0,1,1,4294967295
tile_scp,352,576,0,96,32,32,0,1,1,4294967295
tile_scp,320,576,0,96,32,32,0,1,1,4294967295
tile_scp,288,576,0,96,32,32,0,1,1,4294967295
tile_scp,256,576,0,96,32,32,0,1,1,4294967295
tile_scp,224,576,0,96,32,32,0,1,1,4294967295
tile_scp,192,576,0,96,32,32,0,1,1,4294967295
tile_scp,160,576,0,96,32,32,0,1,1,4294967295
tile_scp,384,320,32,96,32,32,0,1,1,4294967295
tile_scp,352,320,32,96,32,32,0,1,1,4294967295
tile_scp,320,320,32,96,32,32,0,1,1,4294967295
tile_scp,288,320,32,96,32,32,0,1,1,4294967295
tile_scp,256,320,32,96,32,32,0,1,1,4294967295
tile_scp,224,320,32,96,32,32,0,1,1,4294967295
tile_scp,192,320,32,96,32,32,0,1,1,4294967295
tile_scp,160,320,32,96,32,32,0,1,1,4294967295
tile_scp,128,544,96,96,32,32,0,1,1,4294967295
tile_scp,128,512,96,96,32,32,0,1,1,4294967295
tile_scp,128,480,96,96,32,32,0,1,1,4294967295
tile_scp,128,448,96,96,32,32,0,1,1,4294967295
tile_scp,128,352,96,96,32,32,0,1,1,4294967295
tile_scp,128,384,96,96,32,32,0,1,1,4294967295
tile_scp,128,416,96,96,32,32,0,1,1,4294967295
tile_scp,128,576,160,96,32,32,0,1,1,4294967295
tile_scp,128,320,224,96,32,32,0,1,1,4294967295
tile_scp,352,448,160,0,32,32,0,1,1,4294967295
tile_scp,352,480,160,32,32,32,0,1,1,4294967295
tile_scp,352,384,224,0,32,32,0,1,1,4294967295
tile_scp,384,384,224,0,32,32,0,1,1,4294967295
tile_scp,320,384,224,0,32,32,0,1,1,4294967295
tile_scp,288,384,224,0,32,32,0,1,1,4294967295
tile_scp,256,384,224,0,32,32,0,1,1,4294967295
tile_scp,224,384,224,0,32,32,0,1,1,4294967295
tile_scp,192,384,224,0,32,32,0,1,1,4294967295
tile_scp,192,448,224,0,32,32,0,1,1,4294967295
tile_scp,224,448,224,0,32,32,0,1,1,4294967295
tile_scp,320,448,224,0,32,32,0,1,1,4294967295
tile_scp,384,448,224,0,32,32,0,1,1,4294967295
tile_scp,384,512,224,0,32,32,0,1,1,4294967295
tile_scp,352,512,224,0,32,32,0,1,1,4294967295
tile_scp,320,512,224,0,32,32,0,1,1,4294967295
tile_scp,288,512,224,0,32,32,0,1,1,4294967295
tile_scp,256,512,224,0,32,32,0,1,1,4294967295
tile_scp,224,512,224,0,32,32,0,1,1,4294967295
tile_scp,192,512,224,0,32,32,0,1,1,4294967295
tile_scp,192,480,224,32,32,32,0,1,1,4294967295
tile_scp,224,480,224,32,32,32,0,1,1,4294967295
tile_scp,320,480,224,32,32,32,0,1,1,4294967295
tile_scp,384,480,224,32,32,32,0,1,1,4294967295
tile_scp,384,416,224,32,32,32,0,1,1,4294967295
tile_scp,352,416,224,32,32,32,0,1,1,4294967295
tile_scp,320,416,224,32,32,32,0,1,1,4294967295
tile_scp,288,416,224,32,32,32,0,1,1,4294967295
tile_scp,256,416,224,32,32,32,0,1,1,4294967295
tile_scp,224,416,224,32,32,32,0,1,1,4294967295
tile_scp,192,416,224,32,32,32,0,1,1,4294967295
tile_scp,416,448,64,0,32,32,0,1,1,4294967295
tile_scp,416,480,64,32,32,32,0,1,1,4294967295
tile_scp,256,448,96,0,32,32,0,1,1,4294967295
tile_scp,288,448,128,0,32,32,0,1,1,4294967295
tile_scp,288,480,128,32,32,32,0,1,1,4294967295
tile_scp,256,480,96,32,32,32,0,1,1,4294967295
tile_scp,448,64,128,64,32,32,0,1,1,4294967295
tile_scp,480,64,128,64,32,32,0,1,1,4294967295
tile_scp,512,64,128,64,32,32,0,1,1,4294967295
tile_scp,544,64,128,64,32,32,0,1,1,4294967295
tile_scp,576,64,160,64,32,32,0,1,1,4294967295
tile_scp,576,96,192,64,32,32,0,1,1,4294967295
tile_scp,576,128,192,64,32,32,0,1,1,4294967295
tile_scp,576,160,192,64,32,32,0,1,1,4294967295
tile_scp,576,192,192,64,32,32,0,1,1,4294967295
tile_scp,576,224,192,64,32,32,0,1,1,4294967295
tile_scp,576,256,64,64,32,32,0,1,1,4294967295
tile_scp,448,256,32,64,32,32,0,1,1,4294967295
tile_scp,480,256,32,64,32,32,0,1,1,4294967295
tile_scp,512,256,32,64,32,32,0,1,1,4294967295
tile_scp,544,256,32,64,32,32,0,1,1,4294967295
tile_scp,448,288,0,96,32,32,0,1,1,4294967295
tile_scp,480,288,0,96,32,32,0,1,1,4294967295
tile_scp,512,288,0,96,32,32,0,1,1,4294967295
tile_scp,544,288,0,96,32,32,0,1,1,4294967295
tile_scp,576,288,0,96,32,32,0,1,1,4294967295
tile_scp,416,32,32,96,32,32,0,1,1,4294967295
tile_scp,448,32,32,96,32,32,0,1,1,4294967295
tile_scp,480,32,32,96,32,32,0,1,1,4294967295
tile_scp,512,32,32,96,32,32,0,1,1,4294967295
tile_scp,544,32,32,96,32,32,0,1,1,4294967295
tile_scp,576,32,32,96,32,32,0,1,1,4294967295
tile_scp,608,64,64,96,32,32,0,1,1,4294967295
tile_scp,608,96,64,96,32,32,0,1,1,4294967295
tile_scp,608,128,64,96,32,32,0,1,1,4294967295
tile_scp,608,160,64,96,32,32,0,1,1,4294967295
tile_scp,608,192,64,96,32,32,0,1,1,4294967295
tile_scp,608,224,64,96,32,32,0,1,1,4294967295
tile_scp,608,256,64,96,32,32,0,1,1,4294967295
tile_scp,608,288,128,96,32,32,0,1,1,4294967295
tile_scp,608,32,192,96,32,32,0,1,1,4294967295
tile_scp,352,160,224,0,32,32,0,1,1,4294967295
tile_scp,352,224,224,0,32,32,0,1,1,4294967295
tile_scp,480,160,224,0,32,32,0,1,1,4294967295
tile_scp,512,160,224,0,32,32,0,1,1,4294967295
tile_scp,544,160,224,0,32,32,0,1,1,4294967295
tile_scp,480,224,224,0,32,32,0,1,1,4294967295
tile_scp,512,224,224,0,32,32,0,1,1,4294967295
tile_scp,544,224,224,0,32,32,0,1,1,4294967295
tile_scp,544,96,224,0,32,32,0,1,1,4294967295
tile_scp,512,96,224,0,32,32,0,1,1,4294967295
tile_scp,480,96,224,0,32,32,0,1,1,4294967295
tile_scp,448,96,224,0,32,32,0,1,1,4294967295
tile_scp,352,192,224,32,32,32,0,1,1,4294967295
tile_scp,480,192,224,32,32,32,0,1,1,4294967295
tile_scp,512,192,224,32,32,32,0,1,1,4294967295
tile_scp,544,192,224,32,32,32,0,1,1,4294967295
tile_scp,544,128,224,32,32,32,0,1,1,4294967295
tile_scp,512,128,224,32,32,32,0,1,1,4294967295
tile_scp,480,128,224,32,32,32,0,1,1,4294967295
tile_scp,448,128,224,32,32,32,0,1,1,4294967295
