Block,64,96,36A5218B,0,1,5,4294967295,0,0
Block,704,384,D366D445,0,1,5,4294967295,0,0
Block,64,64,1928914F,0,17,1,4294967295,0,0
Block,192,96,4B17A39E,0,2,2,4294967295,0,0
Block,64,256,1B559734,0,17,1,4294967295,0,0
Block,160,352,8D54D4AF,0,18,1,4294967295,0,0
Block,160,384,F66E5E12,0,1,5,4294967295,0,0
Block,160,544,0FE31BD5,0,18,1,4294967295,0,0
Block,576,96,1B2DD1C3,0,1,5,4294967295,0,0
SecurityGate,200,160,9E3CD001,0,1,1,4294967295,0,1
Door,688,448,AEAC47D5,0,-1,1,4294967295,0,1
Door,112,160,73EA164E,0,1,1,4294967295,0,1
Desk,320,480,349119FD,0,1,1,4294967295,0,0
WallButton,216,464,DF12F2E7,0,1,1,4294967295,0,1
Triggered1,512,456,F55A677B,0,1,1,4294967295,0,0
Trigger1,312,384,471596E3,0,1,5,4294967295,0,0
Triggered2,208,160,6CEA33BF,0,1,1,4294967295,0,0
Folder,384,424,1C0964E0,0,1,1,4294967295,0,1
Lanyard,392,184,66284AD2,0,1,1,4294967295,0,1
Folder,448,176,B65AEF01,0,1,1,4294967295,0,1
SCP106Emerge,512,448,D5E1BF3F,0,1,1,4294967295,0,1
SCP106Emerge,320,160,2DBDCD8C,0,1,1,4294967295,0,1
Pedestal,512,192,EA75BA17,0,1,1,4294967295,0,0
113,518,171,924B9EBC,0,1,1,4294967295,0,0
PlayerStart,128,224,667C4363,0,1,1,4294967295,0,1
PlayerStart,670,512,1550C594,0,-1,1,4294967295,0,1
DarknessManager,64,512,C38637F4,0,1,1,4294967295,0,1
