tile_scp,128,480,32,64,32,32,0,1,1,4294967295
tile_scp,160,480,32,64,32,32,0,1,1,4294967295
tile_scp,192,480,32,64,32,32,0,1,1,4294967295
tile_scp,224,480,32,64,32,32,0,1,1,4294967295
tile_scp,256,480,32,64,32,32,0,1,1,4294967295
tile_scp,288,480,32,64,32,32,0,1,1,4294967295
tile_scp,320,480,32,64,32,32,0,1,1,4294967295
tile_scp,352,480,32,64,32,32,0,1,1,4294967295
tile_scp,384,480,32,64,32,32,0,1,1,4294967295
tile_scp,416,480,32,64,32,32,0,1,1,4294967295
tile_scp,448,480,32,64,32,32,0,1,1,4294967295
tile_scp,480,480,32,64,32,32,0,1,1,4294967295
tile_scp,512,480,32,64,32,32,0,1,1,4294967295
tile_scp,544,480,32,64,32,32,0,1,1,4294967295
tile_scp,576,480,32,64,32,32,0,1,1,4294967295
tile_scp,608,480,32,64,32,32,0,1,1,4294967295
tile_scp,640,480,32,64,32,32,0,1,1,4294967295
tile_scp,672,480,32,64,32,32,0,1,1,4294967295
tile_scp,96,480,0,64,32,32,0,1,1,4294967295
tile_scp,96,448,192,64,32,32,0,1,1,4294967295
tile_scp,96,416,192,64,32,32,0,1,1,4294967295
tile_scp,96,384,192,64,32,32,0,1,1,4294967295
tile_scp,96,352,192,64,32,32,0,1,1,4294967295
tile_scp,96,320,192,64,32,32,0,1,1,4294967295
tile_scp,96,288,192,64,32,32,0,1,1,4294967295
tile_scp,96,256,192,64,32,32,0,1,1,4294967295
tile_scp,96,224,192,64,32,32,0,1,1,4294967295
tile_scp,96,192,192,64,32,32,0,1,1,4294967295
tile_scp,96,160,192,64,32,32,0,1,1,4294967295
tile_scp,96,128,192,64,32,32,0,1,1,4294967295
tile_scp,192,320,192,64,32,32,0,1,1,4294967295
tile_scp,192,288,192,64,32,32,0,1,1,4294967295
tile_scp,192,256,192,64,32,32,0,1,1,4294967295
tile_scp,192,224,192,64,32,32,0,1,1,4294967295
tile_scp,192,192,192,64,32,32,0,1,1,4294967295
tile_scp,192,160,192,64,32,32,0,1,1,4294967295
tile_scp,192,128,192,64,32,32,0,1,1,4294967295
tile_scp,192,96,192,64,32,32,0,1,1,4294967295
tile_scp,192,64,192,64,32,32,0,1,1,4294967295
tile_scp,192,32,192,64,32,32,0,1,1,4294967295
tile_scp,192,0,192,64,32,32,0,1,1,4294967295
tile_scp,96,96,192,64,32,32,0,1,1,4294967295
tile_scp,96,64,192,64,32,32,0,1,1,4294967295
tile_scp,96,32,192,64,32,32,0,1,1,4294967295
tile_scp,96,0,192,64,32,32,0,1,1,4294967295
tile_scp,192,352,128,64,32,32,0,1,1,4294967295
tile_scp,224,352,128,64,32,32,0,1,1,4294967295
tile_scp,256,352,128,64,32,32,0,1,1,4294967295
tile_scp,288,352,128,64,32,32,0,1,1,4294967295
tile_scp,320,352,128,64,32,32,0,1,1,4294967295
tile_scp,352,352,128,64,32,32,0,1,1,4294967295
tile_scp,384,352,128,64,32,32,0,1,1,4294967295
tile_scp,416,352,128,64,32,32,0,1,1,4294967295
tile_scp,448,352,128,64,32,32,0,1,1,4294967295
tile_scp,480,352,128,64,32,32,0,1,1,4294967295
tile_scp,512,352,128,64,32,32,0,1,1,4294967295
tile_scp,544,352,128,64,32,32,0,1,1,4294967295
tile_scp,576,352,128,64,32,32,0,1,1,4294967295
tile_scp,608,352,128,64,32,32,0,1,1,4294967295
tile_scp,640,352,128,64,32,32,0,1,1,4294967295
tile_scp,672,352,128,64,32,32,0,1,1,4294967295
tile_scp,704,352,128,64,32,32,0,1,1,4294967295
tile_scp,736,352,128,64,32,32,0,1,1,4294967295
tile_scp,768,352,128,64,32,32,0,1,1,4294967295
tile_scp,704,480,32,64,32,32,0,1,1,4294967295
tile_scp,736,480,32,64,32,32,0,1,1,4294967295
tile_scp,768,480,32,64,32,32,0,1,1,4294967295
tile_scp,192,416,224,0,32,32,0,1,1,4294967295
tile_scp,160,416,224,0,32,32,0,1,1,4294967295
tile_scp,128,416,224,0,32,32,0,1,1,4294967295
tile_scp,224,416,224,0,32,32,0,1,1,4294967295
tile_scp,256,416,224,0,32,32,0,1,1,4294967295
tile_scp,320,416,224,0,32,32,0,1,1,4294967295
tile_scp,352,416,224,0,32,32,0,1,1,4294967295
tile_scp,384,416,224,0,32,32,0,1,1,4294967295
tile_scp,416,416,224,0,32,32,0,1,1,4294967295
tile_scp,544,416,224,0,32,32,0,1,1,4294967295
tile_scp,576,416,224,0,32,32,0,1,1,4294967295
tile_scp,608,416,224,0,32,32,0,1,1,4294967295
tile_scp,672,416,224,0,32,32,0,1,1,4294967295
tile_scp,768,416,224,0,32,32,0,1,1,4294967295
tile_scp,160,352,224,0,32,32,0,1,1,4294967295
tile_scp,128,352,224,0,32,32,0,1,1,4294967295
tile_scp,128,288,224,0,32,32,0,1,1,4294967295
tile_scp,160,288,224,0,32,32,0,1,1,4294967295
tile_scp,160,224,224,0,32,32,0,1,1,4294967295
tile_scp,128,224,224,0,32,32,0,1,1,4294967295
tile_scp,128,160,224,0,32,32,0,1,1,4294967295
tile_scp,160,160,224,0,32,32,0,1,1,4294967295
tile_scp,160,96,224,0,32,32,0,1,1,4294967295
tile_scp,128,96,224,0,32,32,0,1,1,4294967295
tile_scp,160,32,224,0,32,32,0,1,1,4294967295
tile_scp,128,32,224,0,32,32,0,1,1,4294967295
tile_scp,160,0,224,32,32,32,0,1,1,4294967295
tile_scp,128,0,224,32,32,32,0,1,1,4294967295
tile_scp,160,64,224,32,32,32,0,1,1,4294967295
tile_scp,128,64,224,32,32,32,0,1,1,4294967295
tile_scp,128,128,224,32,32,32,0,1,1,4294967295
tile_scp,160,128,224,32,32,32,0,1,1,4294967295
tile_scp,160,192,224,32,32,32,0,1,1,4294967295
tile_scp,128,192,224,32,32,32,0,1,1,4294967295
tile_scp,128,256,224,32,32,32,0,1,1,4294967295
tile_scp,160,256,224,32,32,32,0,1,1,4294967295
tile_scp,160,320,224,32,32,32,0,1,1,4294967295
tile_scp,128,320,224,32,32,32,0,1,1,4294967295
tile_scp,128,384,224,32,32,32,0,1,1,4294967295
tile_scp,160,384,224,32,32,32,0,1,1,4294967295
tile_scp,192,384,224,32,32,32,0,1,1,4294967295
tile_scp,224,384,224,32,32,32,0,1,1,4294967295
tile_scp,256,384,224,32,32,32,0,1,1,4294967295
tile_scp,288,384,224,32,32,32,0,1,1,4294967295
tile_scp,320,384,224,32,32,32,0,1,1,4294967295
tile_scp,352,384,224,32,32,32,0,1,1,4294967295
tile_scp,384,384,224,32,32,32,0,1,1,4294967295
tile_scp,448,384,224,32,32,32,0,1,1,4294967295
tile_scp,480,384,224,32,32,32,0,1,1,4294967295
tile_scp,512,384,224,32,32,32,0,1,1,4294967295
tile_scp,544,384,224,32,32,32,0,1,1,4294967295
tile_scp,576,384,224,32,32,32,0,1,1,4294967295
tile_scp,608,384,224,32,32,32,0,1,1,4294967295
tile_scp,640,384,224,32,32,32,0,1,1,4294967295
tile_scp,672,384,224,32,32,32,0,1,1,4294967295
tile_scp,704,384,224,32,32,32,0,1,1,4294967295
tile_scp,736,384,224,32,32,32,0,1,1,4294967295
tile_scp,768,384,224,32,32,32,0,1,1,4294967295
tile_scp,736,448,224,32,32,32,0,1,1,4294967295
tile_scp,672,448,224,32,32,32,0,1,1,4294967295
tile_scp,608,448,224,32,32,32,0,1,1,4294967295
tile_scp,576,448,224,32,32,32,0,1,1,4294967295
tile_scp,544,448,224,32,32,32,0,1,1,4294967295
tile_scp,416,448,224,32,32,32,0,1,1,4294967295
tile_scp,384,448,224,32,32,32,0,1,1,4294967295
tile_scp,352,448,224,32,32,32,0,1,1,4294967295
tile_scp,320,448,224,32,32,32,0,1,1,4294967295
tile_scp,256,448,224,32,32,32,0,1,1,4294967295
tile_scp,224,448,224,32,32,32,0,1,1,4294967295
tile_scp,192,448,224,32,32,32,0,1,1,4294967295
tile_scp,160,448,224,32,32,32,0,1,1,4294967295
tile_scp,128,448,224,32,32,32,0,1,1,4294967295
tile_scp,768,448,224,32,32,32,0,1,1,4294967295
tile_scp,224,320,0,128,32,32,0,1,1,4294967295
tile_scp,256,320,32,96,32,32,0,1,1,4294967295
tile_scp,288,320,32,96,32,32,0,1,1,4294967295
tile_scp,320,320,32,96,32,32,0,1,1,4294967295
tile_scp,352,320,32,96,32,32,0,1,1,4294967295
tile_scp,384,320,32,96,32,32,0,1,1,4294967295
tile_scp,416,320,32,96,32,32,0,1,1,4294967295
tile_scp,448,320,32,96,32,32,0,1,1,4294967295
tile_scp,480,320,32,96,32,32,0,1,1,4294967295
tile_scp,512,320,32,96,32,32,0,1,1,4294967295
tile_scp,544,320,32,96,32,32,0,1,1,4294967295
tile_scp,576,320,32,96,32,32,0,1,1,4294967295
tile_scp,608,320,32,96,32,32,0,1,1,4294967295
tile_scp,640,320,32,96,32,32,0,1,1,4294967295
tile_scp,672,320,32,96,32,32,0,1,1,4294967295
tile_scp,704,320,32,96,32,32,0,1,1,4294967295
tile_scp,736,320,32,96,32,32,0,1,1,4294967295
tile_scp,768,320,32,96,32,32,0,1,1,4294967295
tile_scp,224,288,64,96,32,32,0,1,1,4294967295
tile_scp,224,256,64,96,32,32,0,1,1,4294967295
tile_scp,224,224,64,96,32,32,0,1,1,4294967295
tile_scp,224,192,64,96,32,32,0,1,1,4294967295
tile_scp,224,160,64,96,32,32,0,1,1,4294967295
tile_scp,224,128,64,96,32,32,0,1,1,4294967295
tile_scp,224,96,64,96,32,32,0,1,1,4294967295
tile_scp,224,64,64,96,32,32,0,1,1,4294967295
tile_scp,224,32,64,96,32,32,0,1,1,4294967295
tile_scp,224,0,64,96,32,32,0,1,1,4294967295
tile_scp,64,64,96,96,32,32,0,1,1,4294967295
tile_scp,64,96,96,96,32,32,0,1,1,4294967295
tile_scp,64,0,96,96,32,32,0,1,1,4294967295
tile_scp,64,32,96,96,32,32,0,1,1,4294967295
tile_scp,64,128,96,96,32,32,0,1,1,4294967295
tile_scp,64,160,96,96,32,32,0,1,1,4294967295
tile_scp,64,192,96,96,32,32,0,1,1,4294967295
tile_scp,64,224,96,96,32,32,0,1,1,4294967295
tile_scp,64,256,96,96,32,32,0,1,1,4294967295
tile_scp,64,288,96,96,32,32,0,1,1,4294967295
tile_scp,64,320,96,96,32,32,0,1,1,4294967295
tile_scp,64,352,96,96,32,32,0,1,1,4294967295
tile_scp,64,384,96,96,32,32,0,1,1,4294967295
tile_scp,64,416,96,96,32,32,0,1,1,4294967295
tile_scp,64,448,96,96,32,32,0,1,1,4294967295
tile_scp,64,480,96,96,32,32,0,1,1,4294967295
tile_scp,64,512,160,96,32,32,0,1,1,4294967295
tile_scp,96,512,0,96,32,32,0,1,1,4294967295
tile_scp,128,512,0,96,32,32,0,1,1,4294967295
tile_scp,160,512,0,96,32,32,0,1,1,4294967295
tile_scp,192,512,0,96,32,32,0,1,1,4294967295
tile_scp,224,512,0,96,32,32,0,1,1,4294967295
tile_scp,256,512,0,96,32,32,0,1,1,4294967295
tile_scp,288,512,0,96,32,32,0,1,1,4294967295
tile_scp,320,512,0,96,32,32,0,1,1,4294967295
tile_scp,352,512,0,96,32,32,0,1,1,4294967295
tile_scp,384,512,0,96,32,32,0,1,1,4294967295
tile_scp,416,512,0,96,32,32,0,1,1,4294967295
tile_scp,448,512,0,96,32,32,0,1,1,4294967295
tile_scp,480,512,0,96,32,32,0,1,1,4294967295
tile_scp,512,512,0,96,32,32,0,1,1,4294967295
tile_scp,544,512,0,96,32,32,0,1,1,4294967295
tile_scp,576,512,0,96,32,32,0,1,1,4294967295
tile_scp,608,512,0,96,32,32,0,1,1,4294967295
tile_scp,640,512,0,96,32,32,0,1,1,4294967295
tile_scp,672,512,0,96,32,32,0,1,1,4294967295
tile_scp,704,512,0,96,32,32,0,1,1,4294967295
tile_scp,736,512,0,96,32,32,0,1,1,4294967295
tile_scp,768,512,0,96,32,32,0,1,1,4294967295
tile_scp,288,416,160,0,32,32,0,1,1,4294967295
tile_scp,288,448,160,32,32,32,0,1,1,4294967295
tile_scp,704,448,192,32,32,32,0,1,1,4294967295
tile_scp,704,416,192,0,32,32,0,1,1,4294967295
tile_scp,736,416,224,0,32,32,0,1,1,4294967295
tile_scp,800,480,32,64,32,32,0,1,1,4294967295
tile_scp,832,480,32,64,32,32,0,1,1,4294967295
tile_scp,864,480,32,64,32,32,0,1,1,4294967295
tile_scp,896,480,32,64,32,32,0,1,1,4294967295
tile_scp,928,480,32,64,32,32,0,1,1,4294967295
tile_scp,960,480,32,64,32,32,0,1,1,4294967295
tile_scp,992,480,32,64,32,32,0,1,1,4294967295
tile_scp,1024,480,32,64,32,32,0,1,1,4294967295
tile_scp,1056,480,32,64,32,32,0,1,1,4294967295
tile_scp,1088,480,32,64,32,32,0,1,1,4294967295
tile_scp,1120,480,32,64,32,32,0,1,1,4294967295
tile_scp,1152,480,32,64,32,32,0,1,1,4294967295
tile_scp,1184,480,32,64,32,32,0,1,1,4294967295
tile_scp,1216,480,32,64,32,32,0,1,1,4294967295
tile_scp,1248,480,32,64,32,32,0,1,1,4294967295
tile_scp,1280,480,64,64,32,32,0,1,1,4294967295
tile_scp,1280,448,192,64,32,32,0,1,1,4294967295
tile_scp,1280,416,192,64,32,32,0,1,1,4294967295
tile_scp,1280,384,192,64,32,32,0,1,1,4294967295
tile_scp,1280,352,192,64,32,32,0,1,1,4294967295
tile_scp,1280,320,192,64,32,32,0,1,1,4294967295
tile_scp,800,352,128,64,32,32,0,1,1,4294967295
tile_scp,832,352,128,64,32,32,0,1,1,4294967295
tile_scp,864,352,128,64,32,32,0,1,1,4294967295
tile_scp,896,352,128,64,32,32,0,1,1,4294967295
tile_scp,928,352,128,64,32,32,0,1,1,4294967295
tile_scp,960,352,128,64,32,32,0,1,1,4294967295
tile_scp,992,352,128,64,32,32,0,1,1,4294967295
tile_scp,1024,352,128,64,32,32,0,1,1,4294967295
tile_scp,1024,320,192,64,32,32,0,1,1,4294967295
tile_scp,1024,288,192,64,32,32,0,1,1,4294967295
tile_scp,1024,256,192,64,32,32,0,1,1,4294967295
tile_scp,1024,224,192,64,32,32,0,1,1,4294967295
tile_scp,1024,192,192,64,32,32,0,1,1,4294967295
tile_scp,1024,160,192,64,32,32,0,1,1,4294967295
tile_scp,1024,128,192,64,32,32,0,1,1,4294967295
tile_scp,1024,96,192,64,32,32,0,1,1,4294967295
tile_scp,1056,96,128,64,32,32,0,1,1,4294967295
tile_scp,1088,96,128,64,32,32,0,1,1,4294967295
tile_scp,1120,96,128,64,32,32,0,1,1,4294967295
tile_scp,1152,96,128,64,32,32,0,1,1,4294967295
tile_scp,1184,96,128,64,32,32,0,1,1,4294967295
tile_scp,1216,96,128,64,32,32,0,1,1,4294967295
tile_scp,1248,96,128,64,32,32,0,1,1,4294967295
tile_scp,1280,96,128,64,32,32,0,1,1,4294967295
tile_scp,1312,96,128,64,32,32,0,1,1,4294967295
tile_scp,1344,96,128,64,32,32,0,1,1,4294967295
tile_scp,1376,96,128,64,32,32,0,1,1,4294967295
tile_scp,1408,96,128,64,32,32,0,1,1,4294967295
tile_scp,1440,96,128,64,32,32,0,1,1,4294967295
tile_scp,1472,96,128,64,32,32,0,1,1,4294967295
tile_scp,1504,96,128,64,32,32,0,1,1,4294967295
tile_scp,1536,96,160,64,32,32,0,1,1,4294967295
tile_scp,1536,128,192,64,32,32,0,1,1,4294967295
tile_scp,1536,160,192,64,32,32,0,1,1,4294967295
tile_scp,1536,192,192,64,32,32,0,1,1,4294967295
tile_scp,1536,224,192,64,32,32,0,1,1,4294967295
tile_scp,1536,256,192,64,32,32,0,1,1,4294967295
tile_scp,1280,288,32,64,32,32,0,1,1,4294967295
tile_scp,1312,288,32,64,32,32,0,1,1,4294967295
tile_scp,1344,288,32,64,32,32,0,1,1,4294967295
tile_scp,1376,288,32,64,32,32,0,1,1,4294967295
tile_scp,1408,288,32,64,32,32,0,1,1,4294967295
tile_scp,1440,288,32,64,32,32,0,1,1,4294967295
tile_scp,1472,288,32,64,32,32,0,1,1,4294967295
tile_scp,1504,288,32,64,32,32,0,1,1,4294967295
tile_scp,1536,288,64,64,32,32,0,1,1,4294967295
tile_scp,992,320,96,128,32,32,0,1,1,4294967295
tile_scp,1312,320,32,128,32,32,0,1,1,4294967295
tile_scp,800,320,32,96,32,32,0,1,1,4294967295
tile_scp,832,320,32,96,32,32,0,1,1,4294967295
tile_scp,864,320,32,96,32,32,0,1,1,4294967295
tile_scp,896,320,32,96,32,32,0,1,1,4294967295
tile_scp,928,320,32,96,32,32,0,1,1,4294967295
tile_scp,960,320,32,96,32,32,0,1,1,4294967295
tile_scp,992,288,96,96,32,32,0,1,1,4294967295
tile_scp,992,256,96,96,32,32,0,1,1,4294967295
tile_scp,992,224,96,96,32,32,0,1,1,4294967295
tile_scp,992,192,96,96,32,32,0,1,1,4294967295
tile_scp,992,160,96,96,32,32,0,1,1,4294967295
tile_scp,992,128,96,96,32,32,0,1,1,4294967295
tile_scp,992,96,96,96,32,32,0,1,1,4294967295
tile_scp,992,64,224,96,32,32,0,1,1,4294967295
tile_scp,1024,64,32,96,32,32,0,1,1,4294967295
tile_scp,1056,64,32,96,32,32,0,1,1,4294967295
tile_scp,1088,64,32,96,32,32,0,1,1,4294967295
tile_scp,1120,64,32,96,32,32,0,1,1,4294967295
tile_scp,1216,64,32,96,32,32,0,1,1,4294967295
tile_scp,1248,64,32,96,32,32,0,1,1,4294967295
tile_scp,1280,64,32,96,32,32,0,1,1,4294967295
tile_scp,1312,64,32,96,32,32,0,1,1,4294967295
tile_scp,1344,64,32,96,32,32,0,1,1,4294967295
tile_scp,1376,64,32,96,32,32,0,1,1,4294967295
tile_scp,1408,64,32,96,32,32,0,1,1,4294967295
tile_scp,1504,64,32,96,32,32,0,1,1,4294967295
tile_scp,1152,64,32,96,32,32,0,1,1,4294967295
tile_scp,1184,64,32,96,32,32,0,1,1,4294967295
tile_scp,1536,64,32,96,32,32,0,1,1,4294967295
tile_scp,1472,64,32,96,32,32,0,1,1,4294967295
tile_scp,1440,64,32,96,32,32,0,1,1,4294967295
tile_scp,1568,64,192,96,32,32,0,1,1,4294967295
tile_scp,1568,96,64,96,32,32,0,1,1,4294967295
tile_scp,1568,128,64,96,32,32,0,1,1,4294967295
tile_scp,1568,160,64,96,32,32,0,1,1,4294967295
tile_scp,1568,192,64,96,32,32,0,1,1,4294967295
tile_scp,1568,256,64,96,32,32,0,1,1,4294967295
tile_scp,1568,224,64,96,32,32,0,1,1,4294967295
tile_scp,1568,288,64,96,32,32,0,1,1,4294967295
tile_scp,1568,320,128,96,32,32,0,1,1,4294967295
tile_scp,1536,320,0,96,32,32,0,1,1,4294967295
tile_scp,1504,320,0,96,32,32,0,1,1,4294967295
tile_scp,1472,320,0,96,32,32,0,1,1,4294967295
tile_scp,1440,320,0,96,32,32,0,1,1,4294967295
tile_scp,1408,320,0,96,32,32,0,1,1,4294967295
tile_scp,1376,320,0,96,32,32,0,1,1,4294967295
tile_scp,1344,320,0,96,32,32,0,1,1,4294967295
tile_scp,1312,352,64,96,32,32,0,1,1,4294967295
tile_scp,1312,384,64,96,32,32,0,1,1,4294967295
tile_scp,1312,416,64,96,32,32,0,1,1,4294967295
tile_scp,1312,448,64,96,32,32,0,1,1,4294967295
tile_scp,1312,480,64,96,32,32,0,1,1,4294967295
tile_scp,1312,512,128,96,32,32,0,1,1,4294967295
tile_scp,1280,512,0,96,32,32,0,1,1,4294967295
tile_scp,1248,512,0,96,32,32,0,1,1,4294967295
tile_scp,1216,512,0,96,32,32,0,1,1,4294967295
tile_scp,1184,512,0,96,32,32,0,1,1,4294967295
tile_scp,1152,512,0,96,32,32,0,1,1,4294967295
tile_scp,1120,512,0,96,32,32,0,1,1,4294967295
tile_scp,1088,512,0,96,32,32,0,1,1,4294967295
tile_scp,1056,512,0,96,32,32,0,1,1,4294967295
tile_scp,1024,512,0,96,32,32,0,1,1,4294967295
tile_scp,992,512,0,96,32,32,0,1,1,4294967295
tile_scp,960,512,0,96,32,32,0,1,1,4294967295
tile_scp,928,512,0,96,32,32,0,1,1,4294967295
tile_scp,896,512,0,96,32,32,0,1,1,4294967295
tile_scp,864,512,0,96,32,32,0,1,1,4294967295
tile_scp,832,512,0,96,32,32,0,1,1,4294967295
tile_scp,800,512,0,96,32,32,0,1,1,4294967295
tile_scp,864,416,224,0,32,32,0,1,1,4294967295
tile_scp,896,416,224,0,32,32,0,1,1,4294967295
tile_scp,928,416,224,0,32,32,0,1,1,4294967295
tile_scp,992,416,224,0,32,32,0,1,1,4294967295
tile_scp,1024,416,224,0,32,32,0,1,1,4294967295
tile_scp,1056,416,224,0,32,32,0,1,1,4294967295
tile_scp,1088,416,224,0,32,32,0,1,1,4294967295
tile_scp,1120,416,224,0,32,32,0,1,1,4294967295
tile_scp,1152,416,224,0,32,32,0,1,1,4294967295
tile_scp,1248,416,224,0,32,32,0,1,1,4294967295
tile_scp,1248,352,224,0,32,32,0,1,1,4294967295
tile_scp,1216,352,224,0,32,32,0,1,1,4294967295
tile_scp,1184,352,224,0,32,32,0,1,1,4294967295
tile_scp,1152,352,224,0,32,32,0,1,1,4294967295
tile_scp,1120,352,224,0,32,32,0,1,1,4294967295
tile_scp,1088,352,224,0,32,32,0,1,1,4294967295
tile_scp,1056,352,224,0,32,32,0,1,1,4294967295
tile_scp,1056,288,224,0,32,32,0,1,1,4294967295
tile_scp,1120,288,224,0,32,32,0,1,1,4294967295
tile_scp,1152,288,224,0,32,32,0,1,1,4294967295
tile_scp,1184,288,224,0,32,32,0,1,1,4294967295
tile_scp,1216,288,224,0,32,32,0,1,1,4294967295
tile_scp,1248,288,224,0,32,32,0,1,1,4294967295
tile_scp,1056,224,224,0,32,32,0,1,1,4294967295
tile_scp,1088,224,224,0,32,32,0,1,1,4294967295
tile_scp,1120,224,224,0,32,32,0,1,1,4294967295
tile_scp,1152,224,224,0,32,32,0,1,1,4294967295
tile_scp,1184,224,224,0,32,32,0,1,1,4294967295
tile_scp,1216,224,224,0,32,32,0,1,1,4294967295
tile_scp,1248,224,224,0,32,32,0,1,1,4294967295
tile_scp,1280,224,224,0,32,32,0,1,1,4294967295
tile_scp,1344,224,224,0,32,32,0,1,1,4294967295
tile_scp,1376,224,224,0,32,32,0,1,1,4294967295
tile_scp,1408,224,224,0,32,32,0,1,1,4294967295
tile_scp,1440,224,224,0,32,32,0,1,1,4294967295
tile_scp,1472,224,224,0,32,32,0,1,1,4294967295
tile_scp,1504,224,224,0,32,32,0,1,1,4294967295
tile_scp,1504,160,224,0,32,32,0,1,1,4294967295
tile_scp,1472,160,224,0,32,32,0,1,1,4294967295
tile_scp,1408,160,224,0,32,32,0,1,1,4294967295
tile_scp,1376,160,224,0,32,32,0,1,1,4294967295
tile_scp,1344,160,224,0,32,32,0,1,1,4294967295
tile_scp,1312,160,224,0,32,32,0,1,1,4294967295
tile_scp,1280,160,224,0,32,32,0,1,1,4294967295
tile_scp,1248,160,224,0,32,32,0,1,1,4294967295
tile_scp,1216,160,224,0,32,32,0,1,1,4294967295
tile_scp,1152,160,224,0,32,32,0,1,1,4294967295
tile_scp,1120,160,224,0,32,32,0,1,1,4294967295
tile_scp,1088,160,224,0,32,32,0,1,1,4294967295
tile_scp,1056,160,224,0,32,32,0,1,1,4294967295
tile_scp,864,448,224,32,32,32,0,1,1,4294967295
tile_scp,896,448,224,32,32,32,0,1,1,4294967295
tile_scp,928,448,224,32,32,32,0,1,1,4294967295
tile_scp,992,448,224,32,32,32,0,1,1,4294967295
tile_scp,1024,448,224,32,32,32,0,1,1,4294967295
tile_scp,1056,448,224,32,32,32,0,1,1,4294967295
tile_scp,1088,448,224,32,32,32,0,1,1,4294967295
tile_scp,1120,448,224,32,32,32,0,1,1,4294967295
tile_scp,1152,448,224,32,32,32,0,1,1,4294967295
tile_scp,1248,448,224,32,32,32,0,1,1,4294967295
tile_scp,1248,384,224,32,32,32,0,1,1,4294967295
tile_scp,1216,384,224,32,32,32,0,1,1,4294967295
tile_scp,1184,384,224,32,32,32,0,1,1,4294967295
tile_scp,1152,384,224,32,32,32,0,1,1,4294967295
tile_scp,1120,384,224,32,32,32,0,1,1,4294967295
tile_scp,1088,384,224,32,32,32,0,1,1,4294967295
tile_scp,1056,384,224,32,32,32,0,1,1,4294967295
tile_scp,1024,384,224,32,32,32,0,1,1,4294967295
tile_scp,992,384,224,32,32,32,0,1,1,4294967295
tile_scp,960,384,224,32,32,32,0,1,1,4294967295
tile_scp,928,384,224,32,32,32,0,1,1,4294967295
tile_scp,896,384,224,32,32,32,0,1,1,4294967295
tile_scp,864,384,224,32,32,32,0,1,1,4294967295
tile_scp,832,384,224,32,32,32,0,1,1,4294967295
tile_scp,800,384,224,32,32,32,0,1,1,4294967295
tile_scp,1056,320,224,32,32,32,0,1,1,4294967295
tile_scp,1120,320,224,32,32,32,0,1,1,4294967295
tile_scp,1152,320,224,32,32,32,0,1,1,4294967295
tile_scp,1184,320,224,32,32,32,0,1,1,4294967295
tile_scp,1216,320,224,32,32,32,0,1,1,4294967295
tile_scp,1248,320,224,32,32,32,0,1,1,4294967295
tile_scp,1056,256,224,32,32,32,0,1,1,4294967295
tile_scp,1088,256,224,32,32,32,0,1,1,4294967295
tile_scp,1120,256,224,32,32,32,0,1,1,4294967295
tile_scp,1152,256,224,32,32,32,0,1,1,4294967295
tile_scp,1184,256,224,32,32,32,0,1,1,4294967295
tile_scp,1216,256,224,32,32,32,0,1,1,4294967295
tile_scp,1248,256,224,32,32,32,0,1,1,4294967295
tile_scp,1280,256,224,32,32,32,0,1,1,4294967295
tile_scp,1344,256,224,32,32,32,0,1,1,4294967295
tile_scp,1376,256,224,32,32,32,0,1,1,4294967295
tile_scp,1408,256,224,32,32,32,0,1,1,4294967295
tile_scp,1440,256,224,32,32,32,0,1,1,4294967295
tile_scp,1472,256,224,32,32,32,0,1,1,4294967295
tile_scp,1504,256,224,32,32,32,0,1,1,4294967295
tile_scp,1504,192,224,32,32,32,0,1,1,4294967295
tile_scp,1472,192,224,32,32,32,0,1,1,4294967295
tile_scp,1408,192,224,32,32,32,0,1,1,4294967295
tile_scp,1376,192,224,32,32,32,0,1,1,4294967295
tile_scp,1344,192,224,32,32,32,0,1,1,4294967295
tile_scp,1312,192,224,32,32,32,0,1,1,4294967295
tile_scp,1280,192,224,32,32,32,0,1,1,4294967295
tile_scp,1248,192,224,32,32,32,0,1,1,4294967295
tile_scp,1120,192,224,32,32,32,0,1,1,4294967295
tile_scp,1088,192,224,32,32,32,0,1,1,4294967295
tile_scp,1056,192,224,32,32,32,0,1,1,4294967295
tile_scp,1152,192,224,32,32,32,0,1,1,4294967295
tile_scp,1216,192,224,32,32,32,0,1,1,4294967295
tile_scp,1056,128,224,32,32,32,0,1,1,4294967295
tile_scp,1088,128,224,32,32,32,0,1,1,4294967295
tile_scp,1120,128,224,32,32,32,0,1,1,4294967295
tile_scp,1152,128,224,32,32,32,0,1,1,4294967295
tile_scp,1184,128,224,32,32,32,0,1,1,4294967295
tile_scp,1216,128,224,32,32,32,0,1,1,4294967295
tile_scp,1248,128,224,32,32,32,0,1,1,4294967295
tile_scp,1280,128,224,32,32,32,0,1,1,4294967295
tile_scp,1312,128,224,32,32,32,0,1,1,4294967295
tile_scp,1344,128,224,32,32,32,0,1,1,4294967295
tile_scp,1376,128,224,32,32,32,0,1,1,4294967295
tile_scp,1408,128,224,32,32,32,0,1,1,4294967295
tile_scp,1440,128,224,32,32,32,0,1,1,4294967295
tile_scp,1472,128,224,32,32,32,0,1,1,4294967295
tile_scp,1504,128,224,32,32,32,0,1,1,4294967295
tile_scp,1184,416,96,0,32,32,0,1,1,4294967295
tile_scp,1216,416,128,0,32,32,0,1,1,4294967295
tile_scp,1184,448,96,32,32,32,0,1,1,4294967295
tile_scp,1216,448,128,32,32,32,0,1,1,4294967295
tile_scp,1312,224,64,0,32,32,0,1,1,4294967295
tile_scp,1312,256,64,32,32,32,0,1,1,4294967295
tile_scp,1184,160,160,0,32,32,0,1,1,4294967295
tile_scp,1184,192,160,32,32,32,0,1,1,4294967295
tile_scp,960,416,32,0,32,32,0,1,1,4294967295
tile_scp,960,448,32,32,32,32,0,1,1,4294967295
tile_scp,1088,288,0,0,32,32,0,1,1,4294967295
tile_scp,1088,320,0,32,32,32,0,1,1,4294967295
tile_scp,1440,192,0,32,32,32,0,1,1,4294967295
tile_scp,1440,160,0,0,32,32,0,1,1,4294967295
tile_scp,640,448,160,32,32,32,0,1,1,4294967295
tile_scp,640,416,160,0,32,32,0,1,1,4294967295
tile_scp,448,416,96,0,32,32,0,1,1,4294967295
tile_scp,480,416,128,0,32,32,0,1,1,4294967295
tile_scp,480,448,128,32,32,32,0,1,1,4294967295
tile_scp,448,448,96,32,32,32,0,1,1,4294967295
tile_scp,512,416,160,0,32,32,0,1,1,4294967295
tile_scp,512,448,160,32,32,32,0,1,1,4294967295
tile_scp,416,384,160,32,32,32,0,1,1,4294967295
tile_scp,832,448,64,32,32,32,0,1,1,4294967295
tile_scp,832,416,64,0,32,32,0,1,1,4294967295
tile_scp,800,416,160,0,32,32,0,1,1,4294967295
tile_scp,800,448,160,32,32,32,0,1,1,4294967295
