tile_scp,1312,320,32,64,32,32,0,1,1,4294967295
tile_scp,1280,320,32,64,32,32,0,1,1,4294967295
tile_scp,1248,320,32,64,32,32,0,1,1,4294967295
tile_scp,1216,320,32,64,32,32,0,1,1,4294967295
tile_scp,1184,320,32,64,32,32,0,1,1,4294967295
tile_scp,1152,320,32,64,32,32,0,1,1,4294967295
tile_scp,1120,320,32,64,32,32,0,1,1,4294967295
tile_scp,1088,320,32,64,32,32,0,1,1,4294967295
tile_scp,1056,320,32,64,32,32,0,1,1,4294967295
tile_scp,1024,320,32,64,32,32,0,1,1,4294967295
tile_scp,992,320,32,64,32,32,0,1,1,4294967295
tile_scp,960,320,32,64,32,32,0,1,1,4294967295
tile_scp,928,320,32,64,32,32,0,1,1,4294967295
tile_scp,896,320,32,64,32,32,0,1,1,4294967295
tile_scp,864,320,32,64,32,32,0,1,1,4294967295
tile_scp,832,320,32,64,32,32,0,1,1,4294967295
tile_scp,800,320,32,64,32,32,0,1,1,4294967295
tile_scp,768,320,32,64,32,32,0,1,1,4294967295
tile_scp,1344,192,192,64,32,32,0,1,1,4294967295
tile_scp,1344,160,160,64,32,32,0,1,1,4294967295
tile_scp,1312,160,128,64,32,32,0,1,1,4294967295
tile_scp,1280,160,128,64,32,32,0,1,1,4294967295
tile_scp,1248,160,128,64,32,32,0,1,1,4294967295
tile_scp,1216,160,128,64,32,32,0,1,1,4294967295
tile_scp,1184,160,128,64,32,32,0,1,1,4294967295
tile_scp,1152,160,128,64,32,32,0,1,1,4294967295
tile_scp,1120,160,128,64,32,32,0,1,1,4294967295
tile_scp,1088,160,128,64,32,32,0,1,1,4294967295
tile_scp,1024,160,128,64,32,32,0,1,1,4294967295
tile_scp,992,160,128,64,32,32,0,1,1,4294967295
tile_scp,960,160,128,64,32,32,0,1,1,4294967295
tile_scp,1056,160,128,64,32,32,0,1,1,4294967295
tile_scp,928,160,128,64,32,32,0,1,1,4294967295
tile_scp,896,160,128,64,32,32,0,1,1,4294967295
tile_scp,864,160,128,64,32,32,0,1,1,4294967295
tile_scp,832,160,128,64,32,32,0,1,1,4294967295
tile_scp,800,160,128,64,32,32,0,1,1,4294967295
tile_scp,768,160,128,64,32,32,0,1,1,4294967295
tile_scp,768,192,224,0,32,32,0,1,1,4294967295
tile_scp,800,192,224,0,32,32,0,1,1,4294967295
tile_scp,832,192,224,0,32,32,0,1,1,4294967295
tile_scp,864,192,224,0,32,32,0,1,1,4294967295
tile_scp,896,192,224,0,32,32,0,1,1,4294967295
tile_scp,928,192,224,0,32,32,0,1,1,4294967295
tile_scp,960,192,224,0,32,32,0,1,1,4294967295
tile_scp,1120,192,224,0,32,32,0,1,1,4294967295
tile_scp,1056,192,224,0,32,32,0,1,1,4294967295
tile_scp,1024,192,224,0,32,32,0,1,1,4294967295
tile_scp,992,192,224,0,32,32,0,1,1,4294967295
tile_scp,1152,192,224,0,32,32,0,1,1,4294967295
tile_scp,1184,192,224,0,32,32,0,1,1,4294967295
tile_scp,1216,192,224,0,32,32,0,1,1,4294967295
tile_scp,1248,192,224,0,32,32,0,1,1,4294967295
tile_scp,1280,192,224,0,32,32,0,1,1,4294967295
tile_scp,1312,192,224,0,32,32,0,1,1,4294967295
tile_scp,1312,256,224,0,32,32,0,1,1,4294967295
tile_scp,1248,256,224,0,32,32,0,1,1,4294967295
tile_scp,1216,256,224,0,32,32,0,1,1,4294967295
tile_scp,1184,256,224,0,32,32,0,1,1,4294967295
tile_scp,1152,256,224,0,32,32,0,1,1,4294967295
tile_scp,1120,256,224,0,32,32,0,1,1,4294967295
tile_scp,1088,256,224,0,32,32,0,1,1,4294967295
tile_scp,1024,256,224,0,32,32,0,1,1,4294967295
tile_scp,832,256,224,0,32,32,0,1,1,4294967295
tile_scp,768,256,224,0,32,32,0,1,1,4294967295
tile_scp,864,256,224,0,32,32,0,1,1,4294967295
tile_scp,896,256,224,0,32,32,0,1,1,4294967295
tile_scp,992,256,224,0,32,32,0,1,1,4294967295
tile_scp,768,224,224,32,32,32,0,1,1,4294967295
tile_scp,800,224,224,32,32,32,0,1,1,4294967295
tile_scp,832,224,224,32,32,32,0,1,1,4294967295
tile_scp,864,224,224,32,32,32,0,1,1,4294967295
tile_scp,896,224,224,32,32,32,0,1,1,4294967295
tile_scp,928,224,224,32,32,32,0,1,1,4294967295
tile_scp,960,224,224,32,32,32,0,1,1,4294967295
tile_scp,992,224,224,32,32,32,0,1,1,4294967295
tile_scp,1024,224,224,32,32,32,0,1,1,4294967295
tile_scp,1056,224,224,32,32,32,0,1,1,4294967295
tile_scp,1120,224,224,32,32,32,0,1,1,4294967295
tile_scp,1152,224,224,32,32,32,0,1,1,4294967295
tile_scp,1184,224,224,32,32,32,0,1,1,4294967295
tile_scp,1216,224,224,32,32,32,0,1,1,4294967295
tile_scp,1248,224,224,32,32,32,0,1,1,4294967295
tile_scp,1312,224,224,32,32,32,0,1,1,4294967295
tile_scp,1312,288,224,32,32,32,0,1,1,4294967295
tile_scp,1280,288,224,32,32,32,0,1,1,4294967295
tile_scp,1248,288,224,32,32,32,0,1,1,4294967295
tile_scp,1216,288,224,32,32,32,0,1,1,4294967295
tile_scp,1184,288,224,32,32,32,0,1,1,4294967295
tile_scp,1152,288,224,32,32,32,0,1,1,4294967295
tile_scp,1120,288,224,32,32,32,0,1,1,4294967295
tile_scp,1088,288,224,32,32,32,0,1,1,4294967295
tile_scp,1024,288,224,32,32,32,0,1,1,4294967295
tile_scp,992,288,224,32,32,32,0,1,1,4294967295
tile_scp,896,288,224,32,32,32,0,1,1,4294967295
tile_scp,864,288,224,32,32,32,0,1,1,4294967295
tile_scp,832,288,224,32,32,32,0,1,1,4294967295
tile_scp,768,288,224,32,32,32,0,1,1,4294967295
tile_scp,928,256,96,0,32,32,0,1,1,4294967295
tile_scp,960,256,128,0,32,32,0,1,1,4294967295
tile_scp,928,288,96,32,32,32,0,1,1,4294967295
tile_scp,960,288,128,32,32,32,0,1,1,4294967295
tile_scp,1088,192,160,0,32,32,0,1,1,4294967295
tile_scp,1088,224,160,32,32,32,0,1,1,4294967295
tile_scp,1056,288,64,32,32,32,0,1,1,4294967295
tile_scp,1056,256,64,0,32,32,0,1,1,4294967295
tile_scp,800,256,0,0,32,32,0,1,1,4294967295
tile_scp,800,288,0,32,32,32,0,1,1,4294967295
tile_scp,1280,224,32,32,32,32,0,1,1,4294967295
tile_scp,1280,256,32,0,32,32,0,1,1,4294967295
tile_scp,736,320,32,64,32,32,0,1,1,4294967295
tile_scp,704,320,32,64,32,32,0,1,1,4294967295
tile_scp,672,320,32,64,32,32,0,1,1,4294967295
tile_scp,640,320,32,64,32,32,0,1,1,4294967295
tile_scp,608,320,32,64,32,32,0,1,1,4294967295
tile_scp,576,320,32,64,32,32,0,1,1,4294967295
tile_scp,544,320,32,64,32,32,0,1,1,4294967295
tile_scp,512,320,32,64,32,32,0,1,1,4294967295
tile_scp,480,320,32,64,32,32,0,1,1,4294967295
tile_scp,448,320,32,64,32,32,0,1,1,4294967295
tile_scp,416,320,32,64,32,32,0,1,1,4294967295
tile_scp,384,320,32,64,32,32,0,1,1,4294967295
tile_scp,352,320,32,64,32,32,0,1,1,4294967295
tile_scp,320,320,32,64,32,32,0,1,1,4294967295
tile_scp,288,320,32,64,32,32,0,1,1,4294967295
tile_scp,256,320,32,64,32,32,0,1,1,4294967295
tile_scp,224,320,0,64,32,32,0,1,1,4294967295
tile_scp,224,288,192,64,32,32,0,1,1,4294967295
tile_scp,224,256,192,64,32,32,0,1,1,4294967295
tile_scp,224,224,192,64,32,32,0,1,1,4294967295
tile_scp,224,192,192,64,32,32,0,1,1,4294967295
tile_scp,224,160,192,64,32,32,0,1,1,4294967295
tile_scp,224,128,192,64,32,32,0,1,1,4294967295
tile_scp,224,96,192,64,32,32,0,1,1,4294967295
tile_scp,224,64,192,64,32,32,0,1,1,4294967295
tile_scp,224,32,192,64,32,32,0,1,1,4294967295
tile_scp,224,0,192,64,32,32,0,1,1,4294967295
tile_scp,736,160,128,64,32,32,0,1,1,4294967295
tile_scp,704,160,128,64,32,32,0,1,1,4294967295
tile_scp,672,160,128,64,32,32,0,1,1,4294967295
tile_scp,640,160,128,64,32,32,0,1,1,4294967295
tile_scp,608,160,128,64,32,32,0,1,1,4294967295
tile_scp,576,160,128,64,32,32,0,1,1,4294967295
tile_scp,512,0,192,64,32,32,0,1,1,4294967295
tile_scp,512,32,192,64,32,32,0,1,1,4294967295
tile_scp,512,64,192,64,32,32,0,1,1,4294967295
tile_scp,512,96,192,64,32,32,0,1,1,4294967295
tile_scp,512,128,192,64,32,32,0,1,1,4294967295
tile_scp,544,160,128,64,32,32,0,1,1,4294967295
tile_scp,736,192,224,0,32,32,0,1,1,4294967295
tile_scp,672,192,224,0,32,32,0,1,1,4294967295
tile_scp,640,192,224,0,32,32,0,1,1,4294967295
tile_scp,608,192,224,0,32,32,0,1,1,4294967295
tile_scp,544,192,224,0,32,32,0,1,1,4294967295
tile_scp,480,192,224,0,32,32,0,1,1,4294967295
tile_scp,448,192,224,0,32,32,0,1,1,4294967295
tile_scp,416,192,224,0,32,32,0,1,1,4294967295
tile_scp,384,192,224,0,32,32,0,1,1,4294967295
tile_scp,352,192,224,0,32,32,0,1,1,4294967295
tile_scp,320,192,224,0,32,32,0,1,1,4294967295
tile_scp,288,192,224,0,32,32,0,1,1,4294967295
tile_scp,256,192,224,0,32,32,0,1,1,4294967295
tile_scp,736,256,224,0,32,32,0,1,1,4294967295
tile_scp,704,256,224,0,32,32,0,1,1,4294967295
tile_scp,640,256,224,0,32,32,0,1,1,4294967295
tile_scp,576,256,224,0,32,32,0,1,1,4294967295
tile_scp,544,256,224,0,32,32,0,1,1,4294967295
tile_scp,512,256,224,0,32,32,0,1,1,4294967295
tile_scp,480,256,224,0,32,32,0,1,1,4294967295
tile_scp,416,256,224,0,32,32,0,1,1,4294967295
tile_scp,384,256,224,0,32,32,0,1,1,4294967295
tile_scp,352,256,224,0,32,32,0,1,1,4294967295
tile_scp,320,256,224,0,32,32,0,1,1,4294967295
tile_scp,256,256,224,0,32,32,0,1,1,4294967295
tile_scp,480,128,224,0,32,32,0,1,1,4294967295
tile_scp,384,128,224,0,32,32,0,1,1,4294967295
tile_scp,352,128,224,0,32,32,0,1,1,4294967295
tile_scp,320,128,224,0,32,32,0,1,1,4294967295
tile_scp,288,128,224,0,32,32,0,1,1,4294967295
tile_scp,256,128,224,0,32,32,0,1,1,4294967295
tile_scp,320,64,224,0,32,32,0,1,1,4294967295
tile_scp,352,64,224,0,32,32,0,1,1,4294967295
tile_scp,384,64,224,0,32,32,0,1,1,4294967295
tile_scp,416,64,224,0,32,32,0,1,1,4294967295
tile_scp,448,64,224,0,32,32,0,1,1,4294967295
tile_scp,480,64,224,0,32,32,0,1,1,4294967295
tile_scp,480,0,224,0,32,32,0,1,1,4294967295
tile_scp,448,0,224,0,32,32,0,1,1,4294967295
tile_scp,416,0,224,0,32,32,0,1,1,4294967295
tile_scp,384,0,224,0,32,32,0,1,1,4294967295
tile_scp,352,0,224,0,32,32,0,1,1,4294967295
tile_scp,320,0,224,0,32,32,0,1,1,4294967295
tile_scp,320,32,224,32,32,32,0,1,1,4294967295
tile_scp,352,32,224,32,32,32,0,1,1,4294967295
tile_scp,384,32,224,32,32,32,0,1,1,4294967295
tile_scp,416,32,224,32,32,32,0,1,1,4294967295
tile_scp,448,32,224,32,32,32,0,1,1,4294967295
tile_scp,480,32,224,32,32,32,0,1,1,4294967295
tile_scp,480,96,224,32,32,32,0,1,1,4294967295
tile_scp,448,96,224,32,32,32,0,1,1,4294967295
tile_scp,416,96,224,32,32,32,0,1,1,4294967295
tile_scp,384,96,224,32,32,32,0,1,1,4294967295
tile_scp,352,96,224,32,32,32,0,1,1,4294967295
tile_scp,320,96,224,32,32,32,0,1,1,4294967295
tile_scp,256,160,224,32,32,32,0,1,1,4294967295
tile_scp,288,160,224,32,32,32,0,1,1,4294967295
tile_scp,320,160,224,32,32,32,0,1,1,4294967295
tile_scp,352,160,224,32,32,32,0,1,1,4294967295
tile_scp,384,160,224,32,32,32,0,1,1,4294967295
tile_scp,480,160,224,32,32,32,0,1,1,4294967295
tile_scp,736,224,224,32,32,32,0,1,1,4294967295
tile_scp,672,224,224,32,32,32,0,1,1,4294967295
tile_scp,640,224,224,32,32,32,0,1,1,4294967295
tile_scp,608,224,224,32,32,32,0,1,1,4294967295
tile_scp,544,224,224,32,32,32,0,1,1,4294967295
tile_scp,480,224,224,32,32,32,0,1,1,4294967295
tile_scp,448,224,224,32,32,32,0,1,1,4294967295
tile_scp,416,224,224,32,32,32,0,1,1,4294967295
tile_scp,384,224,224,32,32,32,0,1,1,4294967295
tile_scp,352,224,224,32,32,32,0,1,1,4294967295
tile_scp,320,224,224,32,32,32,0,1,1,4294967295
tile_scp,288,224,224,32,32,32,0,1,1,4294967295
tile_scp,256,224,224,32,32,32,0,1,1,4294967295
tile_scp,256,288,224,32,32,32,0,1,1,4294967295
tile_scp,320,288,224,32,32,32,0,1,1,4294967295
tile_scp,352,288,224,32,32,32,0,1,1,4294967295
tile_scp,384,288,224,32,32,32,0,1,1,4294967295
tile_scp,416,288,224,32,32,32,0,1,1,4294967295
tile_scp,480,288,224,32,32,32,0,1,1,4294967295
tile_scp,512,288,224,32,32,32,0,1,1,4294967295
tile_scp,544,288,224,32,32,32,0,1,1,4294967295
tile_scp,576,288,224,32,32,32,0,1,1,4294967295
tile_scp,640,288,224,32,32,32,0,1,1,4294967295
tile_scp,704,288,224,32,32,32,0,1,1,4294967295
tile_scp,736,288,224,32,32,32,0,1,1,4294967295
tile_scp,608,256,192,0,32,32,0,1,1,4294967295
tile_scp,608,288,192,32,32,32,0,1,1,4294967295
tile_scp,704,192,160,0,32,32,0,1,1,4294967295
tile_scp,704,224,160,32,32,32,0,1,1,4294967295
tile_scp,448,128,128,0,32,32,0,1,1,4294967295
tile_scp,448,160,128,32,32,32,0,1,1,4294967295
tile_scp,416,160,96,32,32,32,0,1,1,4294967295
tile_scp,416,128,96,0,32,32,0,1,1,4294967295
tile_scp,288,256,64,0,32,32,0,1,1,4294967295
tile_scp,288,288,64,32,32,32,0,1,1,4294967295
tile_scp,512,192,64,0,32,32,0,1,1,4294967295
tile_scp,512,224,64,32,32,32,0,1,1,4294967295
tile_scp,256,0,96,0,32,32,0,1,1,4294967295
tile_scp,288,0,128,0,32,32,0,1,1,4294967295
tile_scp,256,32,96,32,32,32,0,1,1,4294967295
tile_scp,288,32,128,32,32,32,0,1,1,4294967295
tile_scp,448,256,0,0,32,32,0,1,1,4294967295
tile_scp,448,288,0,32,32,32,0,1,1,4294967295
tile_scp,288,96,0,32,32,32,0,1,1,4294967295
tile_scp,288,64,0,0,32,32,0,1,1,4294967295
tile_scp,672,256,32,0,32,32,0,1,1,4294967295
tile_scp,672,288,32,32,32,32,0,1,1,4294967295
tile_scp,576,192,0,0,32,32,0,1,1,4294967295
tile_scp,576,224,0,32,32,32,0,1,1,4294967295
tile_scp,256,64,160,0,32,32,0,1,1,4294967295
tile_scp,256,96,160,32,32,32,0,1,1,4294967295
tile_vent,1344,224,0,0,32,32,0,1,1,4294967295
tile_scp,1344,256,192,64,32,32,0,1,1,4294967295
tile_scp,1344,288,192,64,32,32,0,1,1,4294967295
tile_scp,1344,320,64,64,32,32,0,1,1,4294967295
tile_vent,1376,224,0,0,32,32,0,1,1,4294967295
tile_vent,1408,224,0,0,32,32,0,1,1,4294967295
tile_vent,1440,224,0,0,32,32,0,1,1,4294967295
tile_vent,1472,224,0,0,32,32,0,1,1,4294967295
tile_scp,512,160,128,64,32,32,0,1,1,4294967295
