tile_scp,64,384,32,64,32,32,0,1,1,4294967295
tile_scp,96,384,32,64,32,32,0,1,1,4294967295
tile_scp,128,384,32,64,32,32,0,1,1,4294967295
tile_scp,160,384,32,64,32,32,0,1,1,4294967295
tile_scp,192,384,32,64,32,32,0,1,1,4294967295
tile_scp,224,384,32,64,32,32,0,1,1,4294967295
tile_scp,256,384,32,64,32,32,0,1,1,4294967295
tile_scp,288,384,32,64,32,32,0,1,1,4294967295
tile_scp,320,384,32,64,32,32,0,1,1,4294967295
tile_scp,352,384,32,64,32,32,0,1,1,4294967295
tile_scp,384,384,32,64,32,32,0,1,1,4294967295
tile_scp,416,384,32,64,32,32,0,1,1,4294967295
tile_scp,448,384,32,64,32,32,0,1,1,4294967295
tile_scp,480,384,32,64,32,32,0,1,1,4294967295
tile_scp,512,384,32,64,32,32,0,1,1,4294967295
tile_scp,544,384,32,64,32,32,0,1,1,4294967295
tile_scp,576,384,32,64,32,32,0,1,1,4294967295
tile_scp,608,384,32,64,32,32,0,1,1,4294967295
tile_scp,640,384,32,64,32,32,0,1,1,4294967295
tile_scp,672,384,32,64,32,32,0,1,1,4294967295
tile_scp,704,384,32,64,32,32,0,1,1,4294967295
tile_scp,64,224,128,64,32,32,0,1,1,4294967295
tile_scp,96,224,128,64,32,32,0,1,1,4294967295
tile_scp,128,224,128,64,32,32,0,1,1,4294967295
tile_scp,160,224,128,64,32,32,0,1,1,4294967295
tile_scp,192,224,128,64,32,32,0,1,1,4294967295
tile_scp,224,224,128,64,32,32,0,1,1,4294967295
tile_scp,256,224,128,64,32,32,0,1,1,4294967295
tile_scp,288,224,128,64,32,32,0,1,1,4294967295
tile_scp,320,224,128,64,32,32,0,1,1,4294967295
tile_scp,352,224,128,64,32,32,0,1,1,4294967295
tile_scp,384,224,128,64,32,32,0,1,1,4294967295
tile_scp,416,224,128,64,32,32,0,1,1,4294967295
tile_scp,448,224,128,64,32,32,0,1,1,4294967295
tile_scp,480,224,128,64,32,32,0,1,1,4294967295
tile_scp,512,224,128,64,32,32,0,1,1,4294967295
tile_scp,544,224,128,64,32,32,0,1,1,4294967295
tile_scp,576,224,128,64,32,32,0,1,1,4294967295
tile_scp,608,224,128,64,32,32,0,1,1,4294967295
tile_scp,640,224,128,64,32,32,0,1,1,4294967295
tile_scp,672,224,128,64,32,32,0,1,1,4294967295
tile_scp,704,224,128,64,32,32,0,1,1,4294967295
tile_scp,736,384,64,64,32,32,0,1,1,4294967295
tile_scp,32,384,0,64,32,32,0,1,1,4294967295
tile_scp,736,224,160,64,32,32,0,1,1,4294967295
tile_scp,32,224,96,64,32,32,0,1,1,4294967295
tile_scp,32,256,192,64,32,32,0,1,1,4294967295
tile_scp,32,288,192,64,32,32,0,1,1,4294967295
tile_scp,32,320,192,64,32,32,0,1,1,4294967295
tile_scp,32,352,192,64,32,32,0,1,1,4294967295
tile_scp,736,352,192,64,32,32,0,1,1,4294967295
tile_scp,736,320,192,64,32,32,0,1,1,4294967295
tile_scp,736,288,192,64,32,32,0,1,1,4294967295
tile_scp,736,256,192,64,32,32,0,1,1,4294967295
tile_scp,0,192,224,96,32,32,0,1,1,4294967295
tile_scp,768,192,192,96,32,32,0,1,1,4294967295
tile_scp,0,416,160,96,32,32,0,1,1,4294967295
tile_scp,768,416,128,96,32,32,0,1,1,4294967295
tile_scp,0,224,96,96,32,32,0,1,1,4294967295
tile_scp,0,256,96,96,32,32,0,1,1,4294967295
tile_scp,0,288,96,96,32,32,0,1,1,4294967295
tile_scp,0,320,96,96,32,32,0,1,1,4294967295
tile_scp,0,352,96,96,32,32,0,1,1,4294967295
tile_scp,0,384,96,96,32,32,0,1,1,4294967295
tile_scp,768,224,64,96,32,32,0,1,1,4294967295
tile_scp,768,256,64,96,32,32,0,1,1,4294967295
tile_scp,768,288,64,96,32,32,0,1,1,4294967295
tile_scp,768,320,64,96,32,32,0,1,1,4294967295
tile_scp,768,352,64,96,32,32,0,1,1,4294967295
tile_scp,768,384,64,96,32,32,0,1,1,4294967295
tile_scp,32,192,32,96,32,32,0,1,1,4294967295
tile_scp,64,192,32,96,32,32,0,1,1,4294967295
tile_scp,96,192,32,96,32,32,0,1,1,4294967295
tile_scp,128,192,32,96,32,32,0,1,1,4294967295
tile_scp,160,192,32,96,32,32,0,1,1,4294967295
tile_scp,192,192,32,96,32,32,0,1,1,4294967295
tile_scp,224,192,32,96,32,32,0,1,1,4294967295
tile_scp,256,192,32,96,32,32,0,1,1,4294967295
tile_scp,288,192,32,96,32,32,0,1,1,4294967295
tile_scp,320,192,32,96,32,32,0,1,1,4294967295
tile_scp,352,192,32,96,32,32,0,1,1,4294967295
tile_scp,384,192,32,96,32,32,0,1,1,4294967295
tile_scp,416,192,32,96,32,32,0,1,1,4294967295
tile_scp,448,192,32,96,32,32,0,1,1,4294967295
tile_scp,480,192,32,96,32,32,0,1,1,4294967295
tile_scp,512,192,32,96,32,32,0,1,1,4294967295
tile_scp,544,192,32,96,32,32,0,1,1,4294967295
tile_scp,576,192,32,96,32,32,0,1,1,4294967295
tile_scp,608,192,32,96,32,32,0,1,1,4294967295
tile_scp,640,192,32,96,32,32,0,1,1,4294967295
tile_scp,672,192,32,96,32,32,0,1,1,4294967295
tile_scp,704,192,32,96,32,32,0,1,1,4294967295
tile_scp,736,192,32,96,32,32,0,1,1,4294967295
tile_scp,32,416,0,96,32,32,0,1,1,4294967295
tile_scp,64,416,0,96,32,32,0,1,1,4294967295
tile_scp,96,416,0,96,32,32,0,1,1,4294967295
tile_scp,128,416,0,96,32,32,0,1,1,4294967295
tile_scp,160,416,0,96,32,32,0,1,1,4294967295
tile_scp,192,416,0,96,32,32,0,1,1,4294967295
tile_scp,480,416,0,96,32,32,0,1,1,4294967295
tile_scp,512,416,0,96,32,32,0,1,1,4294967295
tile_scp,544,416,0,96,32,32,0,1,1,4294967295
tile_scp,576,416,0,96,32,32,0,1,1,4294967295
tile_scp,608,416,0,96,32,32,0,1,1,4294967295
tile_scp,640,416,0,96,32,32,0,1,1,4294967295
tile_scp,672,416,0,96,32,32,0,1,1,4294967295
tile_scp,704,416,0,96,32,32,0,1,1,4294967295
tile_scp,736,416,0,96,32,32,0,1,1,4294967295
tile_scp,448,416,0,96,32,32,0,1,1,4294967295
tile_scp,416,416,0,96,32,32,0,1,1,4294967295
tile_scp,384,416,0,96,32,32,0,1,1,4294967295
tile_scp,352,416,0,96,32,32,0,1,1,4294967295
tile_scp,320,416,0,96,32,32,0,1,1,4294967295
tile_scp,288,416,0,96,32,32,0,1,1,4294967295
tile_scp,256,416,0,96,32,32,0,1,1,4294967295
tile_scp,224,416,0,96,32,32,0,1,1,4294967295
tile_scp,64,256,0,0,32,32,0,1,1,4294967295
tile_scp,64,288,0,32,32,32,0,1,1,4294967295
tile_scp,96,256,224,0,32,32,0,1,1,4294967295
tile_scp,128,256,224,0,32,32,0,1,1,4294967295
tile_scp,160,256,224,0,32,32,0,1,1,4294967295
tile_scp,192,256,224,0,32,32,0,1,1,4294967295
tile_scp,256,256,224,0,32,32,0,1,1,4294967295
tile_scp,288,256,224,0,32,32,0,1,1,4294967295
tile_scp,320,256,224,0,32,32,0,1,1,4294967295
tile_scp,352,256,224,0,32,32,0,1,1,4294967295
tile_scp,384,256,224,0,32,32,0,1,1,4294967295
tile_scp,448,256,224,0,32,32,0,1,1,4294967295
tile_scp,480,256,224,0,32,32,0,1,1,4294967295
tile_scp,512,256,224,0,32,32,0,1,1,4294967295
tile_scp,576,256,224,0,32,32,0,1,1,4294967295
tile_scp,608,256,224,0,32,32,0,1,1,4294967295
tile_scp,640,256,224,0,32,32,0,1,1,4294967295
tile_scp,672,256,224,0,32,32,0,1,1,4294967295
tile_scp,704,256,224,0,32,32,0,1,1,4294967295
tile_scp,704,320,224,0,32,32,0,1,1,4294967295
tile_scp,640,320,224,0,32,32,0,1,1,4294967295
tile_scp,608,320,224,0,32,32,0,1,1,4294967295
tile_scp,544,320,224,0,32,32,0,1,1,4294967295
tile_scp,512,320,224,0,32,32,0,1,1,4294967295
tile_scp,480,320,224,0,32,32,0,1,1,4294967295
tile_scp,448,320,224,0,32,32,0,1,1,4294967295
tile_scp,416,320,224,0,32,32,0,1,1,4294967295
tile_scp,352,320,224,0,32,32,0,1,1,4294967295
tile_scp,256,320,224,0,32,32,0,1,1,4294967295
tile_scp,224,320,224,0,32,32,0,1,1,4294967295
tile_scp,192,320,224,0,32,32,0,1,1,4294967295
tile_scp,160,320,224,0,32,32,0,1,1,4294967295
tile_scp,128,320,224,0,32,32,0,1,1,4294967295
tile_scp,96,320,224,0,32,32,0,1,1,4294967295
tile_scp,64,320,224,0,32,32,0,1,1,4294967295
tile_scp,64,352,224,32,32,32,0,1,1,4294967295
tile_scp,96,352,224,32,32,32,0,1,1,4294967295
tile_scp,128,352,224,32,32,32,0,1,1,4294967295
tile_scp,160,352,224,32,32,32,0,1,1,4294967295
tile_scp,192,352,224,32,32,32,0,1,1,4294967295
tile_scp,224,352,224,32,32,32,0,1,1,4294967295
tile_scp,256,352,224,32,32,32,0,1,1,4294967295
tile_scp,352,352,224,32,32,32,0,1,1,4294967295
tile_scp,416,352,224,32,32,32,0,1,1,4294967295
tile_scp,448,352,224,32,32,32,0,1,1,4294967295
tile_scp,480,352,224,32,32,32,0,1,1,4294967295
tile_scp,512,352,224,32,32,32,0,1,1,4294967295
tile_scp,544,352,224,32,32,32,0,1,1,4294967295
tile_scp,608,352,224,32,32,32,0,1,1,4294967295
tile_scp,640,352,224,32,32,32,0,1,1,4294967295
tile_scp,704,352,224,32,32,32,0,1,1,4294967295
tile_scp,704,288,224,32,32,32,0,1,1,4294967295
tile_scp,672,288,224,32,32,32,0,1,1,4294967295
tile_scp,640,288,224,32,32,32,0,1,1,4294967295
tile_scp,608,288,224,32,32,32,0,1,1,4294967295
tile_scp,576,288,224,32,32,32,0,1,1,4294967295
tile_scp,512,288,224,32,32,32,0,1,1,4294967295
tile_scp,480,288,224,32,32,32,0,1,1,4294967295
tile_scp,448,288,224,32,32,32,0,1,1,4294967295
tile_scp,384,288,224,32,32,32,0,1,1,4294967295
tile_scp,352,288,224,32,32,32,0,1,1,4294967295
tile_scp,320,288,224,32,32,32,0,1,1,4294967295
tile_scp,288,288,224,32,32,32,0,1,1,4294967295
tile_scp,256,288,224,32,32,32,0,1,1,4294967295
tile_scp,192,288,224,32,32,32,0,1,1,4294967295
tile_scp,160,288,224,32,32,32,0,1,1,4294967295
tile_scp,128,288,224,32,32,32,0,1,1,4294967295
tile_scp,96,288,224,32,32,32,0,1,1,4294967295
tile_scp,384,352,192,32,32,32,0,1,1,4294967295
tile_scp,384,320,192,0,32,32,0,1,1,4294967295
tile_scp,224,256,160,0,32,32,0,1,1,4294967295
tile_scp,224,288,160,32,32,32,0,1,1,4294967295
tile_scp,288,320,96,0,32,32,0,1,1,4294967295
tile_scp,320,320,128,0,32,32,0,1,1,4294967295
tile_scp,288,352,96,32,32,32,0,1,1,4294967295
tile_scp,320,352,128,32,32,32,0,1,1,4294967295
tile_scp,544,256,64,0,32,32,0,1,1,4294967295
tile_scp,544,288,64,32,32,32,0,1,1,4294967295
tile_scp,576,352,64,32,32,32,0,1,1,4294967295
tile_scp,576,320,64,0,32,32,0,1,1,4294967295
tile_scp,416,256,32,0,32,32,0,1,1,4294967295
tile_scp,416,288,32,32,32,32,0,1,1,4294967295
tile_scp,672,352,32,32,32,32,0,1,1,4294967295
tile_scp,672,320,32,0,32,32,0,1,1,4294967295
