tile_vent,1473,224,0,0,32,32,0,1,1,4294967295
tile_vent,1441,224,0,0,32,32,0,1,1,4294967295
tile_vent,1409,224,0,0,32,32,0,1,1,4294967295
tile_vent,1377,224,0,0,32,32,0,1,1,4294967295
tile_vent,1345,224,0,0,32,32,0,1,1,4294967295
tile_scp,1345,256,192,64,32,32,0,1,1,4294967295
tile_scp,1345,288,192,64,32,32,0,1,1,4294967295
tile_scp,1345,320,64,64,32,32,0,1,1,4294967295
tile_scp,1313,320,32,64,32,32,0,1,1,4294967295
tile_scp,1281,320,32,64,32,32,0,1,1,4294967295
tile_scp,1249,320,32,64,32,32,0,1,1,4294967295
tile_scp,1217,320,32,64,32,32,0,1,1,4294967295
tile_scp,1185,320,32,64,32,32,0,1,1,4294967295
tile_scp,1153,320,32,64,32,32,0,1,1,4294967295
tile_scp,1121,320,32,64,32,32,0,1,1,4294967295
tile_scp,1089,320,32,64,32,32,0,1,1,4294967295
tile_scp,1057,320,32,64,32,32,0,1,1,4294967295
tile_scp,1025,320,32,64,32,32,0,1,1,4294967295
tile_scp,993,320,32,64,32,32,0,1,1,4294967295
tile_scp,961,320,32,64,32,32,0,1,1,4294967295
tile_scp,929,320,32,64,32,32,0,1,1,4294967295
tile_scp,897,320,32,64,32,32,0,1,1,4294967295
tile_scp,865,320,32,64,32,32,0,1,1,4294967295
tile_scp,833,320,32,64,32,32,0,1,1,4294967295
tile_scp,801,320,32,64,32,32,0,1,1,4294967295
tile_scp,769,320,32,64,32,32,0,1,1,4294967295
tile_scp,1344,192,192,64,32,32,0,1,1,4294967295
tile_scp,1344,160,160,64,32,32,0,1,1,4294967295
tile_scp,1312,160,128,64,32,32,0,1,1,4294967295
tile_scp,1280,160,128,64,32,32,0,1,1,4294967295
tile_scp,1248,160,128,64,32,32,0,1,1,4294967295
tile_scp,1216,160,128,64,32,32,0,1,1,4294967295
tile_scp,1184,160,128,64,32,32,0,1,1,4294967295
tile_scp,1152,160,128,64,32,32,0,1,1,4294967295
tile_scp,1120,160,128,64,32,32,0,1,1,4294967295
tile_scp,1088,160,128,64,32,32,0,1,1,4294967295
tile_scp,1024,160,128,64,32,32,0,1,1,4294967295
tile_scp,992,160,128,64,32,32,0,1,1,4294967295
tile_scp,960,160,128,64,32,32,0,1,1,4294967295
tile_scp,1056,160,128,64,32,32,0,1,1,4294967295
tile_scp,928,160,128,64,32,32,0,1,1,4294967295
tile_scp,896,160,128,64,32,32,0,1,1,4294967295
tile_scp,864,160,128,64,32,32,0,1,1,4294967295
tile_scp,832,160,128,64,32,32,0,1,1,4294967295
tile_scp,800,160,128,64,32,32,0,1,1,4294967295
tile_scp,768,160,128,64,32,32,0,1,1,4294967295
tile_scp,768,192,224,0,32,32,0,1,1,4294967295
tile_scp,800,192,224,0,32,32,0,1,1,4294967295
tile_scp,832,192,224,0,32,32,0,1,1,4294967295
tile_scp,864,192,224,0,32,32,0,1,1,4294967295
tile_scp,896,192,224,0,32,32,0,1,1,4294967295
tile_scp,928,192,224,0,32,32,0,1,1,4294967295
tile_scp,960,192,224,0,32,32,0,1,1,4294967295
tile_scp,1120,192,224,0,32,32,0,1,1,4294967295
tile_scp,1056,192,224,0,32,32,0,1,1,4294967295
tile_scp,1024,192,224,0,32,32,0,1,1,4294967295
tile_scp,992,192,224,0,32,32,0,1,1,4294967295
tile_scp,1152,192,224,0,32,32,0,1,1,4294967295
tile_scp,1184,192,224,0,32,32,0,1,1,4294967295
tile_scp,1216,192,224,0,32,32,0,1,1,4294967295
tile_scp,1248,192,224,0,32,32,0,1,1,4294967295
tile_scp,1280,192,224,0,32,32,0,1,1,4294967295
tile_scp,1312,192,224,0,32,32,0,1,1,4294967295
tile_scp,1312,256,224,0,32,32,0,1,1,4294967295
tile_scp,1248,256,224,0,32,32,0,1,1,4294967295
tile_scp,1216,256,224,0,32,32,0,1,1,4294967295
tile_scp,1184,256,224,0,32,32,0,1,1,4294967295
tile_scp,1152,256,224,0,32,32,0,1,1,4294967295
tile_scp,1120,256,224,0,32,32,0,1,1,4294967295
tile_scp,1088,256,224,0,32,32,0,1,1,4294967295
tile_scp,1024,256,224,0,32,32,0,1,1,4294967295
tile_scp,832,256,224,0,32,32,0,1,1,4294967295
tile_scp,768,256,224,0,32,32,0,1,1,4294967295
tile_scp,864,256,224,0,32,32,0,1,1,4294967295
tile_scp,896,256,224,0,32,32,0,1,1,4294967295
tile_scp,992,256,224,0,32,32,0,1,1,4294967295
tile_scp,768,224,224,32,32,32,0,1,1,4294967295
tile_scp,800,224,224,32,32,32,0,1,1,4294967295
tile_scp,832,224,224,32,32,32,0,1,1,4294967295
tile_scp,864,224,224,32,32,32,0,1,1,4294967295
tile_scp,896,224,224,32,32,32,0,1,1,4294967295
tile_scp,928,224,224,32,32,32,0,1,1,4294967295
tile_scp,960,224,224,32,32,32,0,1,1,4294967295
tile_scp,992,224,224,32,32,32,0,1,1,4294967295
tile_scp,1024,224,224,32,32,32,0,1,1,4294967295
tile_scp,1056,224,224,32,32,32,0,1,1,4294967295
tile_scp,1120,224,224,32,32,32,0,1,1,4294967295
tile_scp,1152,224,224,32,32,32,0,1,1,4294967295
tile_scp,1184,224,224,32,32,32,0,1,1,4294967295
tile_scp,1216,224,224,32,32,32,0,1,1,4294967295
tile_scp,1248,224,224,32,32,32,0,1,1,4294967295
tile_scp,1312,224,224,32,32,32,0,1,1,4294967295
tile_scp,1312,288,224,32,32,32,0,1,1,4294967295
tile_scp,1280,288,224,32,32,32,0,1,1,4294967295
tile_scp,1248,288,224,32,32,32,0,1,1,4294967295
tile_scp,1216,288,224,32,32,32,0,1,1,4294967295
tile_scp,1184,288,224,32,32,32,0,1,1,4294967295
tile_scp,1152,288,224,32,32,32,0,1,1,4294967295
tile_scp,1120,288,224,32,32,32,0,1,1,4294967295
tile_scp,1088,288,224,32,32,32,0,1,1,4294967295
tile_scp,1024,288,224,32,32,32,0,1,1,4294967295
tile_scp,992,288,224,32,32,32,0,1,1,4294967295
tile_scp,896,288,224,32,32,32,0,1,1,4294967295
tile_scp,864,288,224,32,32,32,0,1,1,4294967295
tile_scp,832,288,224,32,32,32,0,1,1,4294967295
tile_scp,768,288,224,32,32,32,0,1,1,4294967295
tile_scp,928,256,96,0,32,32,0,1,1,4294967295
tile_scp,960,256,128,0,32,32,0,1,1,4294967295
tile_scp,928,288,96,32,32,32,0,1,1,4294967295
tile_scp,960,288,128,32,32,32,0,1,1,4294967295
tile_scp,1088,192,160,0,32,32,0,1,1,4294967295
tile_scp,1088,224,160,32,32,32,0,1,1,4294967295
tile_scp,1056,288,64,32,32,32,0,1,1,4294967295
tile_scp,1056,256,64,0,32,32,0,1,1,4294967295
tile_scp,800,256,0,0,32,32,0,1,1,4294967295
tile_scp,800,288,0,32,32,32,0,1,1,4294967295
tile_scp,1280,224,32,32,32,32,0,1,1,4294967295
tile_scp,1280,256,32,0,32,32,0,1,1,4294967295
